1 0.128125 0.844444 0.191667 0.311111
1 0.382812 0.558333 0.119792 0.187037
0 0.203646 0.365741 0.192708 0.294444
1 0.045312 0.232407 0.044792 0.068519
1 0.366667 0.375926 0.077083 0.118519
1 0.331771 0.281481 0.059375 0.088889
1 0.402083 0.275000 0.054167 0.075926
1 0.455729 0.296296 0.059375 0.092593
1 0.483333 0.209259 0.045833 0.070370
1 0.648958 0.279630 0.058333 0.085185
1 0.886458 0.201852 0.050000 0.077778
1 0.402604 0.216667 0.042708 0.062963
1 0.427083 0.175000 0.035417 0.057407
1 0.410938 0.133333 0.028125 0.048148
1 0.459896 0.124074 0.028125 0.044444
1 0.440104 0.088889 0.023958 0.040741
1 0.508854 0.078704 0.019792 0.035185
1 0.551562 0.081481 0.019792 0.037037
1 0.570312 0.047222 0.017708 0.035185
1 0.591667 0.045370 0.016667 0.027778
1 0.475521 0.078704 0.017708 0.031481
0 0.460417 0.045370 0.033333 0.053704
1 0.465625 0.098148 0.027083 0.037037
