1 0.197754 0.460185 0.049805 0.042593
1 0.195312 0.506481 0.052734 0.050000
1 0.324219 0.497222 0.054688 0.042593
1 0.342285 0.455556 0.045898 0.048148
1 0.486328 0.450000 0.027344 0.066667
1 0.439453 0.544444 0.037109 0.062963
1 0.491699 0.712037 0.038086 0.087037
1 0.562012 0.907407 0.041992 0.100000
1 0.666992 0.956481 0.054688 0.087037
1 0.610352 0.807407 0.041016 0.100000
1 0.566406 0.710185 0.031250 0.072222
1 0.542480 0.628704 0.036133 0.079630
1 0.559082 0.592593 0.040039 0.081481
1 0.843262 0.262963 0.032227 0.055556
2 0.895020 0.222222 0.040039 0.074074
2 0.943848 0.164815 0.032227 0.044444
1 0.937012 0.454630 0.030273 0.061111
1 0.810547 0.613889 0.041016 0.068519
1 0.828613 0.656481 0.034180 0.064815
2 0.865234 0.737037 0.048828 0.081481
1 0.896484 0.790741 0.048828 0.070370
1 0.955078 0.449074 0.037109 0.068519
1 0.970703 0.432407 0.035156 0.079630
