1 0.202148 0.413889 0.048828 0.050000
1 0.366699 0.368519 0.041992 0.055556
1 0.836426 0.213889 0.034180 0.053704
1 0.367676 0.435185 0.043945 0.055556
1 0.435059 0.536111 0.036133 0.075926
1 0.452148 0.500000 0.033203 0.070370
1 0.492188 0.637037 0.027344 0.092593
1 0.523926 0.784259 0.036133 0.098148
1 0.619141 0.932407 0.044922 0.112963
1 0.571289 0.762963 0.039062 0.092593
1 0.536133 0.658333 0.033203 0.087037
1 0.514648 0.572222 0.033203 0.085185
1 0.537109 0.540741 0.033203 0.085185
1 0.944336 0.450000 0.031250 0.074074
1 0.793457 0.597222 0.045898 0.057407
1 0.806641 0.641667 0.044922 0.053704
2 0.841797 0.725926 0.058594 0.070370
1 0.869629 0.790741 0.049805 0.062963
1 0.964355 0.439815 0.036133 0.072222
1 0.982910 0.435185 0.034180 0.066667
