1 0.208008 0.415741 0.031250 0.038889
1 0.081055 0.454630 0.039062 0.042593
1 0.542480 0.520370 0.022461 0.048148
1 0.541992 0.472222 0.019531 0.040741
0 0.560059 0.330556 0.026367 0.053704
1 0.707520 0.573148 0.034180 0.057407
1 0.697754 0.650000 0.034180 0.059259
1 0.793945 0.931481 0.054688 0.125926
1 0.658203 0.584259 0.033203 0.053704
1 0.586426 0.566667 0.028320 0.062963
1 0.602539 0.514815 0.027344 0.040741
1 0.625488 0.543519 0.026367 0.042593
1 0.583984 0.531481 0.025391 0.044444
1 0.529297 0.410185 0.017578 0.038889
1 0.501953 0.384259 0.019531 0.038889
2 0.543457 0.341667 0.016602 0.038889
1 0.541992 0.367593 0.017578 0.031481
1 0.468750 0.343519 0.017578 0.035185
