1 0.367188 0.786111 0.060547 0.150000
1 0.699707 0.891667 0.065430 0.187037
2 0.802734 0.659259 0.119141 0.374074
2 0.876953 0.885185 0.148438 0.229630
1 0.940918 0.798148 0.118164 0.111111
1 0.914062 0.718519 0.101562 0.085185
1 0.809570 0.490741 0.041016 0.077778
1 0.784668 0.429630 0.038086 0.081481
1 0.449707 0.475926 0.036133 0.070370
1 0.595703 0.499074 0.029297 0.072222
2 0.593262 0.400926 0.020508 0.050000
2 0.725586 0.403704 0.046875 0.118519
1 0.596191 0.301852 0.018555 0.044444
2 0.734863 0.341667 0.022461 0.038889
