0 0.571289 0.325926 0.021484 0.048148
1 0.564453 0.654630 0.029297 0.068519
1 0.626465 0.781481 0.036133 0.092593
1 0.602539 0.672222 0.031250 0.085185
1 0.610840 0.625926 0.030273 0.059259
1 0.572266 0.559259 0.023438 0.051852
1 0.562500 0.487963 0.019531 0.042593
1 0.593262 0.507407 0.022461 0.037037
1 0.608398 0.530556 0.023438 0.046296
1 0.632324 0.571296 0.026367 0.050000
1 0.652344 0.618519 0.029297 0.051852
1 0.627930 0.461111 0.021484 0.044444
1 0.535156 0.441667 0.019531 0.050000
1 0.020508 0.437963 0.035156 0.027778
1 0.247070 0.408333 0.029297 0.038889
1 0.506348 0.403704 0.016602 0.033333
1 0.512695 0.367593 0.015625 0.035185
1 0.529297 0.370370 0.015625 0.033333
2 0.548828 0.318519 0.015625 0.029630
1 0.542969 0.341667 0.013672 0.024074
1 0.496582 0.308333 0.014648 0.027778
1 0.479492 0.295370 0.011719 0.020370
1 0.483398 0.268519 0.009766 0.025926
1 0.527344 0.315741 0.009766 0.016667
1 0.528809 0.299074 0.012695 0.016667
1 0.535645 0.287037 0.010742 0.018519
2 0.493652 0.262037 0.008789 0.027778
1 0.511230 0.255556 0.008789 0.018519
1 0.500488 0.235185 0.008789 0.011111
1 0.504395 0.225000 0.008789 0.016667
