0 0.803223 0.891667 0.157227 0.216667
1 0.855957 0.780556 0.055664 0.090741
1 0.681641 0.669444 0.042969 0.079630
0 0.594238 0.360185 0.049805 0.079630
1 0.604004 0.514815 0.028320 0.062963
1 0.142090 0.441667 0.041992 0.042593
1 0.258789 0.460185 0.041016 0.046296
1 0.500488 0.422222 0.024414 0.051852
1 0.451660 0.350000 0.020508 0.033333
1 0.454590 0.323148 0.014648 0.027778
1 0.476074 0.288889 0.016602 0.029630
1 0.530273 0.358333 0.023438 0.035185
1 0.532227 0.333333 0.021484 0.033333
1 0.560059 0.394444 0.028320 0.037037
1 0.613770 0.415741 0.032227 0.050000
1 0.650391 0.491667 0.039062 0.046296
1 0.635254 0.525926 0.041992 0.048148
1 0.670898 0.564815 0.039062 0.048148
1 0.739746 0.636111 0.047852 0.068519
