1 0.046875 0.469444 0.056641 0.057407
1 0.363770 0.396296 0.030273 0.055556
1 0.484863 0.375000 0.030273 0.046296
1 0.458008 0.316667 0.021484 0.044444
1 0.371094 0.257407 0.015625 0.033333
1 0.535645 0.348148 0.026367 0.044444
0 0.677734 0.399074 0.074219 0.105556
1 0.625977 0.407407 0.031250 0.040741
1 0.626465 0.439815 0.038086 0.057407
1 0.672363 0.530556 0.049805 0.068519
1 0.690918 0.496296 0.043945 0.051852
1 0.719727 0.573148 0.050781 0.072222
2 0.867676 0.619444 0.075195 0.105556
1 0.806152 0.778704 0.077148 0.120370
1 0.930176 0.780556 0.079102 0.105556
1 0.455566 0.269444 0.018555 0.031481
0 0.665527 0.650000 0.108398 0.177778
