2 0.210449 0.517593 0.057617 0.083333
1 0.114258 0.092593 0.021484 0.037037
1 0.141602 0.136111 0.023438 0.035185
1 0.239258 0.292593 0.033203 0.059259
1 0.391113 0.360185 0.043945 0.061111
0 0.449707 0.450926 0.102539 0.157407
0 0.748047 0.422222 0.119141 0.137037
1 0.517090 0.474074 0.047852 0.077778
1 0.566895 0.478704 0.055664 0.087037
1 0.607910 0.426852 0.047852 0.061111
1 0.661621 0.437037 0.057617 0.062963
1 0.804199 0.687037 0.083008 0.114815
1 0.798340 0.623148 0.065430 0.090741
1 0.790527 0.562037 0.063477 0.079630
1 0.897949 0.700926 0.073242 0.090741
1 0.947266 0.637963 0.078125 0.090741
1 0.976074 0.718519 0.047852 0.088889
