1 0.346680 0.665741 0.064453 0.127778
1 0.650879 0.675000 0.049805 0.120370
1 0.386230 0.434259 0.038086 0.083333
1 0.350098 0.384259 0.038086 0.061111
1 0.895020 0.812037 0.127930 0.109259
1 0.871094 0.735185 0.103516 0.085185
2 0.761230 0.641667 0.088867 0.320370
2 0.790039 0.883333 0.113281 0.233333
1 0.793945 0.502778 0.035156 0.075926
1 0.776855 0.445370 0.032227 0.083333
2 0.714844 0.409259 0.046875 0.125926
1 0.581055 0.431481 0.023438 0.055556
1 0.595215 0.349074 0.020508 0.046296
1 0.733887 0.329630 0.018555 0.044444
1 0.604004 0.270370 0.018555 0.033333
