1 0.527344 0.568519 0.072266 0.077778
1 0.395020 0.932407 0.038086 0.135185
1 0.458008 0.946296 0.041016 0.107407
1 0.031250 0.961111 0.060547 0.077778
1 0.044434 0.440741 0.057617 0.051852
1 0.056152 0.398148 0.055664 0.048148
1 0.165039 0.462037 0.062500 0.053704
1 0.173340 0.423148 0.055664 0.050000
1 0.094238 0.334259 0.053711 0.053704
1 0.130859 0.287963 0.041016 0.038889
1 0.315430 0.127778 0.031250 0.037037
1 0.219727 0.334259 0.046875 0.038889
1 0.267090 0.362963 0.053711 0.048148
1 0.291016 0.316667 0.050781 0.040741
1 0.281738 0.407407 0.057617 0.048148
1 0.311035 0.449074 0.049805 0.053704
1 0.413574 0.268519 0.024414 0.037037
2 0.431641 0.425000 0.066406 0.083333
1 0.408691 0.503704 0.055664 0.059259
0 0.500977 0.293519 0.121094 0.083333
1 0.527832 0.347222 0.043945 0.042593
1 0.472656 0.369444 0.052734 0.042593
1 0.466309 0.212963 0.022461 0.044444
1 0.550293 0.237037 0.038086 0.040741
1 0.164551 0.133333 0.026367 0.029630
1 0.858398 0.458333 0.058594 0.050000
1 0.877930 0.430556 0.056641 0.046296
