0 0.509277 0.287037 0.116211 0.077778
1 0.706055 0.360185 0.046875 0.057407
1 0.630859 0.382407 0.054688 0.046296
1 0.474121 0.205556 0.020508 0.040741
1 0.555664 0.228704 0.033203 0.038889
1 0.420898 0.261111 0.023438 0.040741
1 0.431152 0.321296 0.047852 0.035185
1 0.442383 0.370370 0.050781 0.051852
1 0.323242 0.121296 0.029297 0.031481
1 0.125000 0.275000 0.042969 0.031481
1 0.057129 0.381481 0.055664 0.048148
1 0.028320 0.420370 0.054688 0.037037
1 0.122559 0.435185 0.055664 0.044444
1 0.144043 0.400000 0.051758 0.040741
1 0.214355 0.375926 0.055664 0.044444
1 0.273438 0.294444 0.042969 0.040741
1 0.274414 0.344444 0.054688 0.048148
2 0.342285 0.390741 0.061523 0.070370
1 0.245117 0.415741 0.048828 0.042593
1 0.304199 0.462037 0.055664 0.050000
1 0.369141 0.515741 0.064453 0.064815
1 0.408691 0.894444 0.038086 0.129630
1 0.471680 0.913889 0.041016 0.142593
1 0.045410 0.921296 0.088867 0.079630
1 0.366699 0.340741 0.043945 0.044444
