2 0.412598 0.902778 0.041992 0.161111
1 0.668945 0.728704 0.031250 0.083333
1 0.534180 0.416667 0.019531 0.055556
1 0.623047 0.506481 0.021484 0.053704
1 0.651367 0.411111 0.019531 0.048148
1 0.492676 0.112963 0.012695 0.029630
1 0.496582 0.268519 0.016602 0.044444
1 0.559082 0.027778 0.008789 0.018519
1 0.572754 0.041667 0.008789 0.020370
1 0.583496 0.026852 0.008789 0.020370
1 0.588379 0.075926 0.010742 0.022222
1 0.603516 0.087963 0.009766 0.024074
2 0.732910 0.190741 0.038086 0.037037
1 0.823242 0.167593 0.029297 0.024074
1 0.859375 0.175926 0.027344 0.022222
1 0.802246 0.237963 0.028320 0.027778
1 0.757324 0.268519 0.032227 0.029630
1 0.833008 0.277778 0.029297 0.029630
1 0.832520 0.424074 0.043945 0.040741
1 0.818848 0.400926 0.036133 0.035185
1 0.855957 0.482407 0.040039 0.050000
1 0.880859 0.567593 0.056641 0.050000
1 0.977539 0.830556 0.044922 0.079630
