0 0.532715 0.250000 0.112305 0.074074
1 0.346680 0.100926 0.031250 0.027778
1 0.494629 0.177778 0.018555 0.044444
1 0.573730 0.201852 0.034180 0.037037
1 0.445801 0.229630 0.022461 0.037037
1 0.412598 0.284259 0.043945 0.038889
1 0.033203 0.330556 0.048828 0.042593
1 0.021484 0.364815 0.041016 0.051852
1 0.070801 0.377778 0.049805 0.044444
1 0.103516 0.345370 0.052734 0.038889
1 0.143066 0.388889 0.051758 0.044444
1 0.169434 0.358333 0.049805 0.038889
1 0.184082 0.330556 0.049805 0.042593
1 0.209473 0.302778 0.045898 0.035185
1 0.260742 0.283333 0.042969 0.037037
2 0.268066 0.331481 0.059570 0.059259
1 0.242188 0.365741 0.044922 0.042593
1 0.228027 0.397222 0.047852 0.046296
1 0.209473 0.430556 0.057617 0.050000
1 0.536133 0.296296 0.044922 0.037037
1 0.614746 0.325926 0.043945 0.040741
1 0.622070 0.361111 0.060547 0.051852
1 0.687012 0.319444 0.047852 0.042593
1 0.738281 0.350000 0.054688 0.051852
1 0.919434 0.376852 0.055664 0.046296
1 0.049316 0.689815 0.061523 0.101852
1 0.122559 0.804630 0.084961 0.079630
1 0.098633 0.876852 0.097656 0.087037
1 0.454102 0.800926 0.039062 0.116667
1 0.513672 0.800926 0.041016 0.124074
