0 0.520508 0.378704 0.132812 0.101852
1 0.325684 0.165741 0.034180 0.031481
1 0.145508 0.387963 0.048828 0.042593
1 0.200195 0.356481 0.041016 0.042593
1 0.026367 0.484259 0.050781 0.061111
1 0.032227 0.540741 0.062500 0.070370
1 0.159668 0.518519 0.063477 0.059259
1 0.159668 0.577778 0.069336 0.059259
1 0.354980 0.575000 0.067383 0.064815
1 0.448730 0.490741 0.055664 0.059259
1 0.389648 0.643519 0.074219 0.072222
1 0.517090 0.475000 0.055664 0.053704
1 0.554688 0.575000 0.070312 0.068519
1 0.598633 0.647222 0.064453 0.068519
1 0.694824 0.519444 0.061523 0.053704
1 0.708496 0.489815 0.065430 0.050000
1 0.787109 0.477778 0.060547 0.055556
2 0.750977 0.620370 0.083984 0.100000
1 0.914551 0.577778 0.077148 0.059259
1 0.850098 0.768519 0.084961 0.081481
1 0.426270 0.340741 0.028320 0.048148
1 0.485840 0.273148 0.022461 0.050000
1 0.577637 0.309259 0.040039 0.048148
1 0.341309 0.219444 0.030273 0.031481
1 0.166992 0.165741 0.029297 0.035185
