2 0.429199 0.492593 0.026367 0.081481
1 0.589844 0.483333 0.021484 0.059259
1 0.633789 0.593519 0.027344 0.072222
1 0.683105 0.534259 0.030273 0.057407
1 0.662109 0.938889 0.037109 0.107407
1 0.923340 0.760185 0.057617 0.057407
1 0.951660 0.810185 0.073242 0.068519
1 0.917969 0.512963 0.044922 0.040741
1 0.811035 0.491667 0.047852 0.046296
1 0.866211 0.441667 0.037109 0.042593
1 0.930176 0.334259 0.036133 0.031481
1 0.882324 0.316667 0.036133 0.029630
2 0.770996 0.358333 0.051758 0.050000
1 0.759766 0.319444 0.033203 0.031481
1 0.875977 0.300000 0.031250 0.022222
1 0.506348 0.025000 0.010742 0.020370
1 0.544922 0.066667 0.009766 0.022222
1 0.573730 0.088889 0.010742 0.025926
1 0.560059 0.055556 0.008789 0.018519
1 0.571289 0.043519 0.009766 0.024074
1 0.585449 0.060185 0.008789 0.020370
1 0.555664 0.015741 0.009766 0.020370
