0 0.506836 0.319444 0.125000 0.090741
1 0.473145 0.230556 0.022461 0.050000
1 0.416016 0.286111 0.025391 0.042593
1 0.369141 0.337963 0.041016 0.038889
1 0.312988 0.365741 0.047852 0.038889
1 0.071289 0.323148 0.041016 0.038889
1 0.086426 0.351852 0.047852 0.040741
1 0.145508 0.315741 0.050781 0.038889
1 0.319336 0.137037 0.029297 0.033333
1 0.095703 0.430556 0.056641 0.050000
1 0.096680 0.478704 0.056641 0.057407
1 0.245605 0.458333 0.055664 0.050000
1 0.255371 0.508333 0.063477 0.057407
1 0.396484 0.454630 0.060547 0.050000
1 0.422363 0.503704 0.053711 0.051852
2 0.558105 0.474074 0.069336 0.081481
1 0.576660 0.574074 0.061523 0.066667
1 0.655273 0.457407 0.050781 0.051852
1 0.690430 0.431481 0.050781 0.048148
1 0.557617 0.256481 0.039062 0.038889
1 0.765625 0.651852 0.072266 0.077778
1 0.895508 0.475926 0.062500 0.055556
1 0.920898 0.446296 0.064453 0.048148
1 0.969727 0.426852 0.060547 0.050000
1 0.165039 0.141667 0.027344 0.035185
