1 0.240723 0.911111 0.041992 0.092593
1 0.385254 0.965741 0.030273 0.068519
1 0.561035 0.751852 0.024414 0.081481
1 0.370605 0.222222 0.016602 0.040741
1 0.446289 0.403704 0.019531 0.048148
1 0.500488 0.347222 0.016602 0.046296
1 0.539062 0.351852 0.015625 0.040741
1 0.541992 0.465741 0.019531 0.053704
1 0.467773 0.044444 0.011719 0.025926
1 0.481445 0.105556 0.011719 0.037037
1 0.455566 0.116667 0.012695 0.033333
1 0.539062 0.020370 0.009766 0.022222
1 0.538086 0.124074 0.011719 0.025926
1 0.534180 0.224074 0.013672 0.037037
1 0.515137 0.225926 0.010742 0.029630
