1 0.603027 0.612037 0.016602 0.038889
1 0.588867 0.647222 0.019531 0.038889
1 0.628906 0.684259 0.021484 0.046296
1 0.593262 0.719444 0.018555 0.046296
1 0.645020 0.815741 0.024414 0.061111
1 0.613770 0.890741 0.022461 0.066667
1 0.455078 0.657407 0.031250 0.037037
1 0.523926 0.566667 0.014648 0.040741
1 0.522949 0.613889 0.016602 0.042593
1 0.523926 0.675000 0.016602 0.050000
1 0.499023 0.693519 0.017578 0.050000
1 0.523926 0.769444 0.016602 0.061111
1 0.494141 0.853704 0.021484 0.070370
1 0.487305 0.962963 0.025391 0.074074
1 0.525391 0.873148 0.021484 0.079630
1 0.525391 0.453704 0.011719 0.029630
1 0.512207 0.419444 0.010742 0.024074
1 0.527344 0.384259 0.007812 0.024074
1 0.528320 0.353704 0.009766 0.022222
2 0.920410 0.911111 0.073242 0.062963
1 0.866699 0.785185 0.040039 0.037037
1 0.832520 0.732407 0.032227 0.031481
1 0.841309 0.634259 0.020508 0.038889
1 0.816406 0.703704 0.039062 0.033333
1 0.850586 0.756481 0.041016 0.031481
1 0.956543 0.753704 0.040039 0.037037
2 0.805176 0.549074 0.036133 0.027778
2 0.786133 0.453704 0.019531 0.033333
1 0.208984 0.868519 0.042969 0.085185
1 0.255859 0.745370 0.025391 0.053704
1 0.277832 0.673148 0.032227 0.027778
3 0.502930 0.564815 0.009766 0.029630
