2 0.566406 0.453704 0.021484 0.107407
1 0.043945 0.045370 0.039062 0.057407
1 0.010254 0.184259 0.018555 0.079630
1 0.055664 0.381481 0.029297 0.092593
1 0.087891 0.380556 0.027344 0.098148
1 0.113770 0.375000 0.032227 0.094444
1 0.151367 0.369444 0.033203 0.094444
1 0.148438 0.240741 0.052734 0.051852
1 0.156738 0.042593 0.051758 0.048148
1 0.154785 0.188889 0.049805 0.037037
1 0.155273 0.149074 0.042969 0.050000
1 0.413086 0.361111 0.025391 0.092593
1 0.412598 0.553704 0.022461 0.077778
3 0.294434 0.774074 0.016602 0.048148
1 0.410156 0.892593 0.029297 0.111111
1 0.468750 0.636111 0.037109 0.090741
1 0.500000 0.775926 0.031250 0.100000
1 0.508789 0.912037 0.023438 0.109259
1 0.551270 0.894444 0.026367 0.096296
1 0.582031 0.952778 0.029297 0.094444
1 0.515137 0.310185 0.036133 0.090741
1 0.533203 0.415741 0.037109 0.083333
1 0.561523 0.275926 0.025391 0.088889
1 0.602539 0.294444 0.027344 0.096296
1 0.579590 0.044444 0.024414 0.085185
1 0.820801 0.044444 0.051758 0.048148
1 0.935547 0.160185 0.027344 0.087037
1 0.803223 0.419444 0.053711 0.050000
1 0.833984 0.355556 0.054688 0.051852
1 0.916016 0.325926 0.054688 0.059259
1 0.984375 0.295370 0.031250 0.053704
