0 0.428223 0.875000 0.045898 0.179630
1 0.491211 0.844444 0.019531 0.059259
1 0.519043 0.862037 0.022461 0.064815
1 0.549805 0.939815 0.025391 0.083333
1 0.518066 0.961111 0.026367 0.077778
1 0.616699 0.908333 0.022461 0.068519
1 0.665527 0.905556 0.028320 0.070370
1 0.653320 0.968519 0.027344 0.062963
1 0.470215 0.542593 0.024414 0.029630
1 0.507324 0.603704 0.014648 0.040741
1 0.502441 0.676852 0.018555 0.050000
1 0.525391 0.705556 0.015625 0.051852
1 0.597168 0.733333 0.016602 0.048148
1 0.605957 0.689815 0.018555 0.042593
1 0.604980 0.603704 0.016602 0.033333
1 0.634766 0.675926 0.017578 0.044444
1 0.512695 0.512037 0.011719 0.031481
1 0.529785 0.574074 0.012695 0.037037
1 0.531250 0.527778 0.011719 0.033333
1 0.529785 0.491667 0.012695 0.031481
1 0.530762 0.458333 0.010742 0.024074
1 0.535645 0.359259 0.008789 0.018519
1 0.573730 0.382407 0.008789 0.016667
1 0.188965 0.881481 0.043945 0.037037
1 0.175781 0.913889 0.046875 0.042593
1 0.155762 0.956481 0.049805 0.038889
1 0.202637 0.857407 0.040039 0.033333
1 0.140137 0.984259 0.049805 0.031481
1 0.486328 0.973148 0.025391 0.053704
2 0.834473 0.709259 0.053711 0.044444
1 0.801270 0.763889 0.041992 0.035185
2 0.867188 0.831481 0.048828 0.040741
1 0.925293 0.953704 0.053711 0.051852
1 0.968750 0.815741 0.048828 0.042593
1 0.904785 0.682407 0.038086 0.035185
1 0.949219 0.785185 0.039062 0.033333
1 0.780273 0.599074 0.025391 0.024074
1 0.880371 0.614815 0.032227 0.025926
1 0.876465 0.532407 0.022461 0.031481
1 0.526855 0.341667 0.008789 0.016667
1 0.539551 0.314815 0.008789 0.018519
1 0.541504 0.295370 0.008789 0.016667
