1 0.064941 0.913889 0.127930 0.172222
1 0.438965 0.921296 0.090820 0.157407
1 0.454102 0.714815 0.062500 0.162963
1 0.370117 0.707407 0.068359 0.159259
1 0.299316 0.685185 0.077148 0.140741
1 0.195312 0.710185 0.099609 0.146296
1 0.208008 0.888889 0.123047 0.222222
1 0.299805 0.900926 0.121094 0.198148
1 0.338867 0.549074 0.050781 0.109259
1 0.325195 0.487037 0.044922 0.074074
1 0.415039 0.527778 0.042969 0.085185
1 0.429199 0.455556 0.034180 0.066667
1 0.411621 0.375000 0.020508 0.042593
1 0.439941 0.409259 0.026367 0.044444
1 0.473633 0.429630 0.031250 0.066667
1 0.441895 0.374074 0.022461 0.033333
1 0.453125 0.350926 0.017578 0.038889
1 0.434082 0.329630 0.016602 0.025926
1 0.456543 0.325000 0.014648 0.031481
2 0.437500 0.291667 0.017578 0.038889
2 0.470215 0.264815 0.010742 0.033333
1 0.517090 0.263889 0.010742 0.016667
