2 0.128418 0.620370 0.141602 0.259259
3 0.187012 0.724074 0.047852 0.140741
1 0.085449 0.867593 0.168945 0.264815
1 0.282227 0.794444 0.126953 0.248148
1 0.369141 0.863889 0.128906 0.272222
1 0.281250 0.593519 0.080078 0.146296
1 0.359375 0.582407 0.064453 0.120370
1 0.348633 0.461111 0.042969 0.066667
1 0.393066 0.472222 0.045898 0.096296
2 0.467285 0.354630 0.028320 0.087037
0 0.420898 0.275000 0.027344 0.053704
1 0.429199 0.307407 0.018555 0.033333
1 0.399414 0.365741 0.037109 0.050000
1 0.424805 0.390741 0.021484 0.051852
1 0.432129 0.357407 0.018555 0.044444
1 0.449219 0.251852 0.009766 0.018519
1 0.453613 0.269444 0.010742 0.020370
