1 0.221191 0.843519 0.036133 0.042593
1 0.258789 0.774074 0.037109 0.037037
1 0.271973 0.749074 0.032227 0.035185
1 0.250000 0.671296 0.031250 0.031481
1 0.325195 0.680556 0.033203 0.031481
1 0.340820 0.645370 0.029297 0.024074
1 0.367676 0.627778 0.022461 0.033333
1 0.389648 0.575926 0.021484 0.029630
1 0.494141 0.422222 0.009766 0.025926
1 0.464355 0.418519 0.010742 0.022222
1 0.474121 0.420370 0.010742 0.025926
1 0.484375 0.421296 0.009766 0.024074
1 0.532715 0.926852 0.026367 0.072222
1 0.576172 0.678704 0.019531 0.042593
1 0.581543 0.798148 0.022461 0.059259
1 0.666016 0.578704 0.013672 0.035185
1 0.693359 0.619444 0.015625 0.042593
1 0.646484 0.451852 0.013672 0.029630
1 0.720703 0.508333 0.011719 0.027778
1 0.658691 0.385185 0.012695 0.025926
1 0.682129 0.387963 0.012695 0.020370
1 0.947266 0.804630 0.048828 0.046296
1 0.936523 0.772222 0.039062 0.033333
1 0.922363 0.706481 0.043945 0.031481
1 0.920898 0.620370 0.029297 0.029630
1 0.913574 0.682407 0.032227 0.024074
1 0.725586 0.302778 0.009766 0.016667
0 0.491699 0.929630 0.055664 0.140741
