1 0.037109 0.046296 0.046875 0.059259
1 0.051758 0.385185 0.033203 0.100000
1 0.082520 0.384259 0.026367 0.094444
1 0.109375 0.378704 0.033203 0.098148
1 0.144043 0.372222 0.034180 0.096296
1 0.141602 0.244444 0.054688 0.051852
1 0.149902 0.044444 0.049805 0.048148
1 0.453613 0.076852 0.020508 0.101852
1 0.586426 0.076852 0.022461 0.087037
1 0.446289 0.362037 0.021484 0.105556
1 0.513184 0.305556 0.036133 0.100000
1 0.313477 0.690741 0.050781 0.070370
1 0.372559 0.781481 0.030273 0.103704
1 0.395508 0.914815 0.029297 0.107407
1 0.407715 0.632407 0.028320 0.109259
1 0.446289 0.690741 0.027344 0.088889
1 0.486816 0.715741 0.032227 0.098148
1 0.504395 0.836111 0.028320 0.101852
1 0.549805 0.899074 0.031250 0.105556
1 0.561035 0.658333 0.030273 0.109259
1 0.624512 0.872222 0.032227 0.107407
1 0.697266 0.610185 0.041016 0.090741
1 0.891602 0.440741 0.048828 0.055556
1 0.803223 0.409259 0.055664 0.051852
1 0.836426 0.348148 0.053711 0.048148
1 0.917480 0.317593 0.053711 0.057407
1 0.936035 0.154630 0.028320 0.087037
1 0.983398 0.287037 0.033203 0.048148
1 0.563965 0.275000 0.026367 0.105556
1 0.530273 0.410185 0.037109 0.090741
1 0.567383 0.470370 0.025391 0.103704
1 0.597656 0.447222 0.029297 0.109259
1 0.820801 0.038889 0.049805 0.051852
3 0.313965 0.052778 0.016602 0.053704
3 0.657715 0.720370 0.022461 0.044444
