1 0.055664 0.389815 0.031250 0.105556
1 0.084961 0.386111 0.027344 0.098148
1 0.113281 0.381481 0.035156 0.100000
1 0.146973 0.373148 0.038086 0.098148
1 0.010254 0.190741 0.018555 0.077778
1 0.040527 0.051852 0.045898 0.062963
1 0.146484 0.244444 0.056641 0.044444
1 0.155273 0.049074 0.052734 0.053704
1 0.384277 0.240741 0.022461 0.092593
1 0.417969 0.259259 0.027344 0.100000
1 0.453613 0.249074 0.020508 0.079630
1 0.500977 0.262963 0.029297 0.092593
1 0.588867 0.187037 0.023438 0.085185
1 0.526367 0.397222 0.037109 0.098148
1 0.413086 0.496296 0.029297 0.096296
1 0.278320 0.660185 0.050781 0.064815
1 0.370605 0.787037 0.028320 0.100000
1 0.398926 0.679630 0.028320 0.114815
1 0.489258 0.724074 0.027344 0.100000
1 0.508789 0.867593 0.027344 0.101852
1 0.560059 0.664815 0.024414 0.114815
1 0.593262 0.616667 0.024414 0.103704
1 0.548828 0.865741 0.029297 0.105556
1 0.583008 0.955556 0.025391 0.088889
1 0.638672 0.853704 0.035156 0.096296
1 0.730469 0.546296 0.044922 0.077778
1 0.803711 0.412037 0.054688 0.053704
1 0.835449 0.352778 0.051758 0.057407
1 0.917480 0.323148 0.053711 0.061111
1 0.938477 0.155556 0.031250 0.092593
1 0.821289 0.040741 0.048828 0.051852
2 0.983398 0.288889 0.033203 0.051852
2 0.952637 0.419444 0.094727 0.094444
