1 0.135742 0.723148 0.029297 0.046296
1 0.183594 0.873148 0.042969 0.031481
1 0.418945 0.832407 0.039062 0.053704
1 0.272461 0.625926 0.025391 0.037037
1 0.281250 0.600000 0.025391 0.029630
1 0.302246 0.570370 0.022461 0.033333
1 0.311035 0.547222 0.016602 0.035185
1 0.325684 0.498148 0.026367 0.025926
1 0.502930 0.833333 0.017578 0.066667
3 0.470703 0.833333 0.013672 0.048148
1 0.502930 0.747222 0.019531 0.057407
1 0.505371 0.974074 0.020508 0.051852
1 0.586914 0.835185 0.023438 0.070370
1 0.653809 0.884259 0.026367 0.075926
1 0.625977 0.913889 0.027344 0.079630
1 0.626465 0.779630 0.020508 0.059259
1 0.598633 0.692593 0.021484 0.051852
1 0.570801 0.682407 0.018555 0.046296
1 0.502441 0.600926 0.016602 0.046296
1 0.484863 0.562037 0.012695 0.035185
1 0.500977 0.486111 0.011719 0.035185
1 0.503906 0.444444 0.011719 0.029630
1 0.561035 0.594444 0.014648 0.037037
1 0.581055 0.618519 0.017578 0.040741
1 0.544922 0.392593 0.011719 0.022222
1 0.879395 0.897222 0.051758 0.046296
1 0.895020 0.777778 0.028320 0.051852
1 0.902832 0.941667 0.045898 0.046296
1 0.931641 0.977778 0.056641 0.044444
2 0.837891 0.652778 0.046875 0.035185
2 0.803223 0.520370 0.024414 0.040741
1 0.852051 0.678704 0.034180 0.031481
