3 0.302734 0.519444 0.017578 0.064815
1 0.046387 0.049074 0.047852 0.068519
1 0.011230 0.186111 0.020508 0.072222
1 0.057617 0.382407 0.033203 0.101852
1 0.088379 0.379630 0.024414 0.096296
1 0.116211 0.375000 0.031250 0.094444
1 0.150391 0.365741 0.033203 0.090741
1 0.146484 0.238889 0.050781 0.048148
1 0.154785 0.150926 0.041992 0.046296
1 0.157227 0.045370 0.046875 0.050000
1 0.419922 0.093519 0.021484 0.083333
1 0.572266 0.255556 0.023438 0.088889
1 0.532227 0.415741 0.035156 0.083333
1 0.513184 0.303704 0.036133 0.092593
1 0.415527 0.362037 0.026367 0.101852
1 0.274414 0.686111 0.052734 0.068519
2 0.406738 0.691667 0.034180 0.235185
1 0.366699 0.775000 0.028320 0.105556
1 0.434570 0.933333 0.025391 0.100000
1 0.448242 0.525000 0.023438 0.090741
1 0.481445 0.694444 0.031250 0.100000
1 0.504395 0.825926 0.028320 0.103704
1 0.507812 0.962963 0.027344 0.074074
1 0.553223 0.800926 0.030273 0.094444
1 0.583984 0.754630 0.027344 0.105556
1 0.564941 0.499074 0.026367 0.090741
1 0.598633 0.614815 0.025391 0.096296
1 0.591797 0.412037 0.021484 0.094444
1 0.935059 0.157407 0.026367 0.088889
1 0.833008 0.354630 0.054688 0.057407
1 0.802734 0.412963 0.052734 0.055556
1 0.912598 0.321296 0.049805 0.061111
1 0.981934 0.287963 0.036133 0.057407
1 0.820801 0.041667 0.051758 0.042593
