2 0.494629 0.691667 0.084961 0.350000
1 0.377441 0.732407 0.092773 0.201852
1 0.257324 0.752778 0.135742 0.257407
1 0.358887 0.522222 0.059570 0.088889
1 0.420898 0.543519 0.052734 0.135185
1 0.385742 0.450926 0.044922 0.064815
1 0.405762 0.400926 0.034180 0.061111
1 0.429199 0.452778 0.041992 0.064815
1 0.451660 0.415741 0.028320 0.075926
1 0.453613 0.367593 0.024414 0.038889
1 0.442383 0.326852 0.023438 0.042593
1 0.452637 0.292593 0.014648 0.025926
1 0.497559 0.297222 0.016602 0.038889
0 0.380859 0.349074 0.058594 0.105556
1 0.485840 0.255556 0.012695 0.025926
