1 0.057129 0.387037 0.032227 0.100000
1 0.088867 0.385185 0.025391 0.092593
1 0.114746 0.379630 0.032227 0.096296
1 0.150879 0.369444 0.036133 0.098148
1 0.044434 0.051852 0.045898 0.062963
1 0.009766 0.190741 0.017578 0.077778
1 0.149414 0.243519 0.056641 0.050000
1 0.156250 0.153704 0.042969 0.040741
1 0.157715 0.048148 0.047852 0.048148
1 0.386719 0.112963 0.025391 0.092593
1 0.419922 0.177778 0.027344 0.100000
1 0.454102 0.160185 0.023438 0.079630
1 0.552734 0.076852 0.025391 0.090741
1 0.498535 0.244444 0.030273 0.096296
1 0.593750 0.322222 0.025391 0.088889
1 0.522949 0.383333 0.032227 0.088889
1 0.269043 0.652778 0.053711 0.057407
1 0.418457 0.401852 0.028320 0.100000
1 0.395020 0.559259 0.028320 0.107407
2 0.376953 0.684259 0.025391 0.090741
1 0.354004 0.924074 0.049805 0.151852
1 0.400879 0.871296 0.032227 0.101852
1 0.438477 0.926852 0.033203 0.112963
1 0.493164 0.729630 0.033203 0.100000
1 0.508789 0.872222 0.027344 0.111111
1 0.545410 0.948148 0.026367 0.103704
1 0.559570 0.760185 0.027344 0.116667
1 0.593750 0.727778 0.025391 0.103704
1 0.630371 0.918519 0.028320 0.096296
1 0.696777 0.597222 0.041992 0.090741
1 0.783691 0.499074 0.040039 0.068519
1 0.806641 0.413889 0.058594 0.057407
1 0.835449 0.349074 0.057617 0.068519
1 0.919434 0.321296 0.047852 0.061111
1 0.937500 0.157407 0.027344 0.092593
2 0.822754 0.042593 0.051758 0.051852
2 0.927734 0.435185 0.128906 0.103704
