1 0.267090 0.630556 0.065430 0.109259
1 0.348145 0.612037 0.049805 0.098148
1 0.476562 0.634259 0.044922 0.101852
1 0.478027 0.540741 0.038086 0.077778
1 0.354980 0.471296 0.034180 0.061111
1 0.381348 0.531481 0.038086 0.070370
1 0.431641 0.512963 0.037109 0.074074
1 0.402344 0.441667 0.029297 0.061111
1 0.443359 0.453704 0.027344 0.051852
1 0.452637 0.408333 0.022461 0.038889
1 0.458496 0.377778 0.018555 0.040741
1 0.458008 0.346296 0.015625 0.025926
1 0.437500 0.300926 0.009766 0.020370
1 0.473633 0.305556 0.011719 0.025926
1 0.456055 0.298148 0.011719 0.022222
1 0.539062 0.282407 0.009766 0.016667
1 0.544922 0.315741 0.013672 0.027778
1 0.407227 0.637037 0.058594 0.174074
