1 0.044434 0.049074 0.045898 0.064815
1 0.010742 0.186111 0.019531 0.072222
1 0.067871 0.156481 0.036133 0.087037
1 0.056641 0.385185 0.033203 0.103704
1 0.086426 0.380556 0.028320 0.098148
1 0.114258 0.374074 0.029297 0.088889
1 0.149414 0.369444 0.031250 0.087037
1 0.157715 0.043519 0.049805 0.042593
1 0.153320 0.148148 0.042969 0.048148
1 0.148438 0.243519 0.052734 0.053704
1 0.418457 0.089815 0.020508 0.083333
1 0.417480 0.261111 0.018555 0.077778
1 0.513672 0.306481 0.041016 0.094444
1 0.561523 0.273148 0.027344 0.090741
1 0.588867 0.151852 0.025391 0.085185
1 0.604980 0.341667 0.022461 0.094444
1 0.532227 0.413889 0.037109 0.087037
1 0.588867 0.492593 0.023438 0.100000
1 0.559082 0.585185 0.026367 0.100000
2 0.299805 0.606481 0.019531 0.064815
3 0.400391 0.883333 0.035156 0.233333
1 0.323730 0.770370 0.049805 0.088889
1 0.411621 0.563889 0.026367 0.094444
1 0.438477 0.836111 0.023438 0.094444
1 0.478516 0.680556 0.031250 0.094444
1 0.503418 0.816667 0.024414 0.103704
1 0.506836 0.953704 0.029297 0.092593
2 0.553223 0.776852 0.028320 0.116667
1 0.591309 0.729630 0.028320 0.111111
1 0.818848 0.045370 0.047852 0.050000
1 0.832520 0.351852 0.053711 0.055556
1 0.802246 0.412963 0.055664 0.051852
1 0.922852 0.430556 0.052734 0.064815
1 0.914551 0.319444 0.051758 0.064815
1 0.983398 0.297222 0.033203 0.053704
1 0.935059 0.164815 0.026367 0.092593
