1 0.047363 0.384259 0.034180 0.105556
1 0.079102 0.379630 0.025391 0.096296
1 0.105957 0.378704 0.028320 0.098148
1 0.143555 0.369444 0.035156 0.090741
1 0.035645 0.045370 0.049805 0.064815
1 0.143066 0.239815 0.059570 0.050000
1 0.145508 0.188889 0.046875 0.044444
1 0.147949 0.149074 0.045898 0.046296
1 0.142090 0.093519 0.061523 0.053704
1 0.150391 0.039815 0.050781 0.050000
1 0.006836 0.187037 0.011719 0.081481
2 0.413574 0.105556 0.032227 0.207407
1 0.333008 0.747222 0.042969 0.087037
1 0.434082 0.956481 0.026367 0.087037
1 0.396973 0.867593 0.026367 0.109259
1 0.437988 0.601852 0.028320 0.107407
1 0.448242 0.278704 0.025391 0.101852
1 0.449707 0.033333 0.020508 0.062963
1 0.559570 0.062037 0.025391 0.101852
1 0.543945 0.195370 0.025391 0.087037
1 0.514160 0.306481 0.038086 0.094444
1 0.529297 0.411111 0.035156 0.088889
1 0.565918 0.428704 0.026367 0.105556
1 0.595703 0.155556 0.027344 0.100000
1 0.821777 0.037963 0.049805 0.046296
1 0.750488 0.525000 0.045898 0.072222
1 0.805176 0.411111 0.053711 0.059259
1 0.836426 0.350926 0.053711 0.057407
1 0.916504 0.316667 0.051758 0.055556
1 0.983398 0.287037 0.033203 0.044444
1 0.938965 0.155556 0.022461 0.081481
1 0.484863 0.715741 0.032227 0.098148
1 0.503418 0.838889 0.030273 0.107407
1 0.559570 0.672222 0.025391 0.100000
1 0.547852 0.867593 0.025391 0.098148
1 0.579590 0.928704 0.030273 0.101852
1 0.587891 0.720370 0.029297 0.103704
1 0.640625 0.723148 0.033203 0.101852
1 0.619141 0.847222 0.027344 0.105556
3 0.310059 0.148148 0.018555 0.062963
3 0.690918 0.605556 0.022461 0.055556
