1 0.036621 0.048148 0.043945 0.059259
1 0.051758 0.387037 0.031250 0.100000
1 0.081543 0.380556 0.026367 0.090741
1 0.108398 0.378704 0.031250 0.094444
1 0.144531 0.369444 0.037109 0.094444
1 0.143555 0.243519 0.052734 0.050000
1 0.146484 0.187963 0.046875 0.046296
1 0.148926 0.150000 0.045898 0.044444
1 0.153320 0.047222 0.052734 0.046296
1 0.448242 0.251852 0.025391 0.092593
1 0.588867 0.214815 0.027344 0.096296
1 0.821289 0.040741 0.048828 0.048148
1 0.803223 0.410185 0.055664 0.057407
1 0.833984 0.350000 0.050781 0.051852
1 0.917480 0.315741 0.049805 0.050000
1 0.943848 0.420370 0.043945 0.051852
1 0.983398 0.285185 0.033203 0.048148
1 0.938477 0.152778 0.031250 0.087037
1 0.515137 0.304630 0.040039 0.094444
1 0.529785 0.410185 0.038086 0.090741
1 0.564941 0.375000 0.026367 0.105556
1 0.301758 0.682407 0.054688 0.072222
1 0.412109 0.533333 0.027344 0.111111
1 0.376465 0.642593 0.026367 0.100000
1 0.400879 0.800000 0.026367 0.103704
1 0.448730 0.568519 0.024414 0.088889
1 0.486816 0.721296 0.032227 0.105556
1 0.506348 0.844444 0.024414 0.103704
1 0.554688 0.763889 0.025391 0.116667
1 0.561523 0.579630 0.027344 0.103704
1 0.594727 0.579630 0.029297 0.111111
1 0.676270 0.661111 0.036133 0.100000
2 0.615234 0.951852 0.031250 0.096296
2 0.645508 0.782407 0.019531 0.053704
