2 0.412109 0.167593 0.035156 0.212963
1 0.380371 0.067593 0.022461 0.098148
1 0.447266 0.389815 0.025391 0.098148
1 0.450195 0.126852 0.023438 0.094444
1 0.512207 0.303704 0.036133 0.088889
1 0.530273 0.409259 0.037109 0.085185
1 0.562500 0.295370 0.021484 0.094444
1 0.534668 0.041667 0.022461 0.079630
1 0.594238 0.025926 0.022461 0.048148
1 0.564453 0.558333 0.025391 0.105556
1 0.592285 0.571296 0.026367 0.105556
1 0.343750 0.788889 0.033203 0.100000
1 0.435547 0.734259 0.027344 0.109259
1 0.483398 0.708333 0.033203 0.098148
1 0.502441 0.837963 0.026367 0.105556
1 0.389648 0.962037 0.027344 0.075926
1 0.029297 0.675926 0.056641 0.051852
1 0.048340 0.384259 0.032227 0.112963
1 0.078613 0.375000 0.026367 0.101852
1 0.105957 0.375000 0.032227 0.109259
1 0.143555 0.369444 0.033203 0.098148
1 0.036621 0.041667 0.041992 0.064815
1 0.140137 0.240741 0.053711 0.051852
1 0.149902 0.042593 0.053711 0.051852
1 0.552734 0.750000 0.021484 0.096296
1 0.585449 0.779630 0.026367 0.107407
1 0.618652 0.750926 0.028320 0.105556
1 0.653320 0.656481 0.037109 0.105556
1 0.779297 0.499074 0.044922 0.068519
1 0.803711 0.412963 0.052734 0.055556
1 0.835449 0.348148 0.057617 0.066667
1 0.940430 0.154630 0.029297 0.098148
1 0.819824 0.037037 0.047852 0.051852
1 0.917480 0.319444 0.051758 0.050000
1 0.984863 0.288889 0.030273 0.051852
3 0.308105 0.205556 0.020508 0.059259
3 0.715332 0.562963 0.020508 0.044444
