1 0.348633 0.677778 0.064453 0.181481
1 0.409180 0.465741 0.039062 0.098148
1 0.589844 0.379630 0.037109 0.070370
1 0.658203 0.630556 0.066406 0.138889
2 0.489258 0.133333 0.019531 0.044444
1 0.377441 0.097222 0.010742 0.020370
1 0.539551 0.238889 0.026367 0.040741
1 0.565430 0.227778 0.021484 0.040741
1 0.546875 0.195370 0.021484 0.038889
1 0.523926 0.201852 0.020508 0.029630
1 0.562988 0.185185 0.020508 0.025926
1 0.485352 0.167593 0.017578 0.027778
1 0.507324 0.169444 0.018555 0.035185
1 0.522461 0.156481 0.015625 0.024074
1 0.536621 0.146296 0.016602 0.025926
1 0.530273 0.172222 0.019531 0.029630
1 0.474609 0.142593 0.015625 0.029630
1 0.504883 0.130556 0.013672 0.024074
2 0.517578 0.112037 0.019531 0.038889
2 0.460449 0.089815 0.016602 0.027778
1 0.415039 0.100000 0.015625 0.025926
1 0.503418 0.098148 0.012695 0.022222
1 0.087402 0.334259 0.061523 0.046296
1 0.069336 0.188889 0.044922 0.025926
1 0.046387 0.211111 0.047852 0.025926
