2 0.082031 0.731481 0.162109 0.362963
3 0.176758 0.794444 0.060547 0.166667
1 0.278809 0.625926 0.096680 0.159259
1 0.278809 0.865741 0.143555 0.268519
1 0.368164 0.616667 0.064453 0.129630
1 0.355957 0.475000 0.047852 0.075926
1 0.389160 0.403704 0.034180 0.055556
2 0.474609 0.404630 0.035156 0.120370
0 0.415527 0.288889 0.032227 0.055556
1 0.406250 0.482407 0.050781 0.109259
1 0.435059 0.398148 0.024414 0.062963
1 0.420410 0.337037 0.022461 0.044444
1 0.454102 0.281481 0.013672 0.025926
1 0.454590 0.260185 0.010742 0.020370
1 0.485840 0.251852 0.008789 0.018519
