1 0.730469 0.900926 0.087891 0.198148
1 0.416016 0.268519 0.023438 0.048148
2 0.479004 0.324074 0.026367 0.066667
1 0.634766 0.450926 0.042969 0.079630
1 0.660156 0.362037 0.037109 0.061111
1 0.587402 0.288889 0.026367 0.051852
1 0.564453 0.230556 0.023438 0.038889
1 0.586426 0.209259 0.020508 0.037037
2 0.515625 0.108333 0.015625 0.038889
1 0.518066 0.162963 0.014648 0.025926
1 0.549805 0.188889 0.019531 0.033333
1 0.423828 0.202778 0.019531 0.046296
1 0.448242 0.200000 0.017578 0.037037
1 0.475098 0.187963 0.016602 0.035185
1 0.424316 0.166667 0.014648 0.025926
1 0.447266 0.174074 0.015625 0.025926
1 0.481934 0.158333 0.016602 0.031481
1 0.423340 0.120370 0.010742 0.025926
1 0.445801 0.141667 0.014648 0.027778
1 0.458008 0.129630 0.015625 0.025926
1 0.487793 0.121296 0.016602 0.020370
1 0.509766 0.144444 0.013672 0.025926
1 0.526855 0.136111 0.014648 0.031481
1 0.540039 0.132407 0.013672 0.024074
1 0.547363 0.145370 0.014648 0.027778
1 0.562988 0.125000 0.010742 0.024074
1 0.559570 0.167593 0.015625 0.031481
1 0.578613 0.159259 0.018555 0.029630
2 0.480469 0.075000 0.013672 0.027778
2 0.499023 0.110185 0.013672 0.027778
