0 0.379395 0.322222 0.041992 0.240741
0 0.652832 0.685185 0.069336 0.214815
1 0.385742 0.087037 0.023438 0.081481
1 0.416016 0.095370 0.025391 0.090741
1 0.418457 0.321296 0.026367 0.101852
1 0.451172 0.257407 0.025391 0.092593
1 0.491699 0.246296 0.028320 0.088889
1 0.433594 0.607407 0.029297 0.103704
1 0.481445 0.582407 0.023438 0.079630
1 0.520996 0.609259 0.024414 0.096296
2 0.325195 0.719444 0.070312 0.109259
1 0.550293 0.757407 0.026367 0.107407
1 0.589355 0.687037 0.026367 0.103704
1 0.506348 0.919444 0.022461 0.101852
1 0.549316 0.939815 0.024414 0.105556
1 0.580566 0.950000 0.028320 0.100000
1 0.619629 0.904630 0.028320 0.098148
1 0.050293 0.381481 0.032227 0.096296
1 0.080566 0.380556 0.026367 0.094444
1 0.108887 0.374074 0.030273 0.092593
1 0.144043 0.369444 0.034180 0.098148
1 0.037109 0.045370 0.044922 0.061111
1 0.148926 0.037963 0.049805 0.050000
1 0.450684 0.029630 0.020508 0.055556
1 0.483398 0.033333 0.023438 0.062963
1 0.820312 0.035185 0.050781 0.048148
1 0.833496 0.342593 0.051758 0.055556
1 0.816406 0.403704 0.054688 0.059259
1 0.916016 0.310185 0.054688 0.053704
1 0.984375 0.285185 0.031250 0.048148
