2 0.691406 0.785185 0.089844 0.225926
1 0.488770 0.560185 0.045898 0.124074
1 0.270020 0.731481 0.073242 0.174074
1 0.734375 0.505556 0.056641 0.092593
1 0.841309 0.484259 0.051758 0.090741
1 0.643555 0.390741 0.039062 0.062963
1 0.364746 0.363889 0.036133 0.068519
1 0.442383 0.402778 0.033203 0.079630
1 0.488281 0.343519 0.029297 0.075926
1 0.575684 0.319444 0.028320 0.064815
1 0.420410 0.271296 0.022461 0.046296
1 0.455078 0.244444 0.027344 0.055556
1 0.421387 0.231481 0.018555 0.044444
1 0.405273 0.165741 0.017578 0.031481
1 0.429199 0.157407 0.016602 0.037037
1 0.453613 0.162037 0.016602 0.031481
1 0.475098 0.146296 0.020508 0.025926
1 0.492676 0.159259 0.018555 0.033333
1 0.503418 0.180556 0.018555 0.035185
1 0.455566 0.201852 0.016602 0.040741
1 0.520020 0.157407 0.016602 0.033333
1 0.542480 0.149074 0.014648 0.027778
1 0.541504 0.219444 0.022461 0.038889
1 0.563477 0.200926 0.023438 0.035185
1 0.504395 0.132407 0.016602 0.024074
1 0.520996 0.125926 0.014648 0.029630
1 0.400879 0.125926 0.014648 0.025926
1 0.420898 0.129630 0.015625 0.029630
1 0.435059 0.119444 0.014648 0.031481
1 0.493164 0.116667 0.015625 0.025926
