1 0.936523 0.610185 0.031250 0.061111
1 0.929688 0.516667 0.031250 0.048148
1 0.648438 0.419444 0.015625 0.046296
1 0.629395 0.142593 0.010742 0.025926
1 0.706055 0.208333 0.011719 0.031481
1 0.725586 0.204630 0.013672 0.027778
1 0.737793 0.155556 0.012695 0.025926
1 0.679688 0.184259 0.013672 0.027778
1 0.667969 0.224074 0.011719 0.022222
1 0.611328 0.162037 0.013672 0.027778
1 0.659180 0.180556 0.009766 0.024074
1 0.698242 0.128704 0.009766 0.024074
1 0.652344 0.152778 0.009766 0.024074
1 0.639160 0.085185 0.008789 0.022222
1 0.668945 0.128704 0.009766 0.016667
1 0.674805 0.160185 0.009766 0.024074
1 0.623047 0.184259 0.009766 0.027778
1 0.605957 0.185185 0.010742 0.022222
