0 0.410645 0.546296 0.024414 0.077778
1 0.329102 0.645370 0.017578 0.038889
1 0.425293 0.663889 0.014648 0.042593
1 0.459961 0.610185 0.011719 0.035185
2 0.650391 0.471296 0.029297 0.024074
2 0.658203 0.512963 0.021484 0.022222
2 0.686523 0.676852 0.037109 0.031481
1 0.418457 0.817593 0.018555 0.053704
1 0.433105 0.956481 0.024414 0.083333
1 0.521973 0.812037 0.016602 0.050000
1 0.540527 0.694444 0.014648 0.037037
1 0.567383 0.860185 0.019531 0.061111
1 0.465820 0.327778 0.007812 0.014815
1 0.472656 0.335185 0.007812 0.014815
1 0.461914 0.350000 0.007812 0.018519
1 0.473633 0.355556 0.007812 0.018519
1 0.513672 0.358333 0.007812 0.016667
1 0.510254 0.427778 0.008789 0.018519
1 0.452637 0.456481 0.010742 0.024074
1 0.465820 0.452778 0.009766 0.024074
1 0.479492 0.443519 0.007812 0.024074
1 0.458008 0.398148 0.007812 0.018519
1 0.470703 0.402778 0.007812 0.020370
1 0.447754 0.514815 0.008789 0.022222
1 0.465820 0.509259 0.009766 0.025926
1 0.442383 0.560185 0.011719 0.031481
1 0.465820 0.552778 0.009766 0.024074
1 0.171875 0.757407 0.033203 0.033333
1 0.190430 0.725926 0.033203 0.029630
1 0.222656 0.659259 0.031250 0.025926
2 0.142578 0.869444 0.044922 0.083333
1 0.108398 0.879630 0.044922 0.037037
1 0.091797 0.911111 0.042969 0.033333
1 0.062500 0.969444 0.046875 0.046296
1 0.076172 0.938889 0.048828 0.040741
1 0.688965 0.591667 0.030273 0.024074
2 0.768555 0.618519 0.041016 0.033333
1 0.686035 0.627778 0.032227 0.025926
