0 0.266602 0.493519 0.164062 0.238889
1 0.341309 0.582407 0.069336 0.112963
1 0.414551 0.622222 0.075195 0.185185
1 0.376953 0.489815 0.052734 0.079630
1 0.427734 0.500000 0.050781 0.096296
1 0.506348 0.419444 0.036133 0.075926
1 0.450684 0.443519 0.032227 0.079630
1 0.400879 0.427778 0.038086 0.059259
1 0.426758 0.375926 0.029297 0.048148
1 0.455078 0.387037 0.025391 0.040741
1 0.436035 0.342593 0.024414 0.037037
1 0.455078 0.264815 0.011719 0.022222
1 0.461426 0.289815 0.014648 0.027778
1 0.482422 0.298148 0.017578 0.037037
1 0.478027 0.251852 0.008789 0.014815
1 0.350098 0.891667 0.131836 0.216667
