1 0.291016 0.683333 0.025391 0.037037
1 0.275391 0.700000 0.025391 0.037037
1 0.262207 0.723148 0.030273 0.038889
1 0.250000 0.761111 0.029297 0.048148
1 0.171875 0.894444 0.042969 0.040741
1 0.071289 0.897222 0.042969 0.068519
1 0.500977 0.832407 0.021484 0.064815
1 0.529785 0.887037 0.020508 0.074074
1 0.530762 0.656481 0.016602 0.046296
1 0.531250 0.587037 0.017578 0.044444
1 0.595215 0.555556 0.012695 0.033333
1 0.597168 0.642593 0.016602 0.040741
1 0.619141 0.710185 0.021484 0.050000
1 0.609863 0.801852 0.018555 0.051852
1 0.654785 0.759259 0.020508 0.051852
1 0.650879 0.934259 0.028320 0.079630
1 0.676758 0.864815 0.025391 0.070370
1 0.620605 0.633333 0.014648 0.040741
2 0.917969 0.655556 0.035156 0.059259
1 0.875977 0.637037 0.031250 0.033333
1 0.906738 0.697222 0.041992 0.031481
1 0.928711 0.751852 0.039062 0.029630
1 0.941895 0.777778 0.043945 0.033333
