0 0.377441 0.383333 0.034180 0.248148
0 0.669922 0.637963 0.087891 0.205556
2 0.339355 0.749074 0.061523 0.116667
1 0.810547 0.404630 0.052734 0.050000
1 0.836914 0.341667 0.056641 0.057407
1 0.919922 0.308333 0.050781 0.057407
1 0.983398 0.283333 0.033203 0.048148
1 0.821777 0.030556 0.049805 0.042593
1 0.498047 0.272222 0.031250 0.096296
1 0.451660 0.362963 0.026367 0.088889
1 0.418945 0.400000 0.027344 0.111111
1 0.385254 0.148148 0.022461 0.085185
1 0.381836 0.032407 0.023438 0.061111
1 0.416504 0.146296 0.020508 0.096296
1 0.453613 0.080556 0.028320 0.112963
1 0.483398 0.062963 0.025391 0.103704
1 0.050293 0.381481 0.034180 0.103704
1 0.082031 0.380556 0.027344 0.098148
1 0.109375 0.371296 0.031250 0.098148
1 0.144531 0.364815 0.037109 0.100000
1 0.036133 0.042593 0.046875 0.062963
1 0.151855 0.036111 0.049805 0.050000
1 0.141602 0.237963 0.054688 0.057407
1 0.060547 0.662963 0.056641 0.051852
1 0.428223 0.760185 0.026367 0.116667
1 0.476562 0.725926 0.025391 0.088889
1 0.523926 0.514815 0.024414 0.088889
1 0.590332 0.583333 0.028320 0.107407
1 0.553223 0.671296 0.028320 0.109259
1 0.507812 0.881481 0.027344 0.111111
1 0.551758 0.864815 0.027344 0.107407
1 0.586426 0.860185 0.030273 0.112963
1 0.622559 0.850000 0.032227 0.096296
1 0.621582 0.967593 0.030273 0.064815
