1 0.383789 0.700926 0.070312 0.216667
1 0.224121 0.691667 0.084961 0.131481
1 0.470703 0.700926 0.056641 0.135185
1 0.321777 0.664815 0.063477 0.125926
1 0.311523 0.545370 0.050781 0.079630
1 0.363770 0.562037 0.045898 0.083333
1 0.418945 0.551852 0.042969 0.088889
1 0.381836 0.475000 0.037109 0.079630
1 0.437500 0.468519 0.035156 0.062963
1 0.446777 0.423148 0.028320 0.046296
1 0.452148 0.384259 0.021484 0.046296
1 0.452637 0.359259 0.018555 0.025926
1 0.421387 0.334259 0.018555 0.031481
1 0.530273 0.268519 0.009766 0.014815
1 0.533203 0.293519 0.013672 0.024074
1 0.447266 0.313889 0.013672 0.024074
1 0.479492 0.331481 0.015625 0.033333
1 0.469238 0.308333 0.012695 0.027778
1 0.455566 0.293519 0.010742 0.020370
1 0.471191 0.287037 0.010742 0.022222
2 0.457520 0.260185 0.010742 0.027778
2 0.470215 0.252778 0.008789 0.020370
