1 0.038086 0.047222 0.046875 0.064815
1 0.050293 0.388889 0.032227 0.103704
1 0.080566 0.382407 0.026367 0.094444
1 0.107422 0.376852 0.033203 0.094444
1 0.145020 0.367593 0.032227 0.094444
1 0.151855 0.042593 0.049805 0.051852
1 0.144531 0.241667 0.056641 0.053704
1 0.150879 0.150926 0.043945 0.042593
2 0.412598 0.075000 0.032227 0.146296
1 0.452148 0.175926 0.021484 0.096296
1 0.443848 0.479630 0.026367 0.107407
1 0.322754 0.712037 0.045898 0.087037
1 0.364746 0.918519 0.026367 0.100000
1 0.403809 0.746296 0.030273 0.111111
1 0.441895 0.819444 0.024414 0.098148
1 0.485352 0.712963 0.033203 0.103704
1 0.503906 0.837963 0.027344 0.098148
1 0.555664 0.787037 0.027344 0.107407
1 0.585449 0.867593 0.026367 0.105556
1 0.618652 0.941667 0.024414 0.101852
1 0.630859 0.789815 0.033203 0.112963
1 0.514160 0.306481 0.036133 0.098148
1 0.530762 0.411111 0.038086 0.085185
1 0.565430 0.552778 0.025391 0.101852
1 0.562012 0.169444 0.022461 0.101852
1 0.559570 0.339815 0.027344 0.090741
1 0.599121 0.304630 0.030273 0.098148
1 0.819824 0.040741 0.051758 0.048148
1 0.723145 0.563889 0.041992 0.087037
1 0.805664 0.412963 0.058594 0.062963
1 0.835449 0.349074 0.053711 0.061111
1 0.918457 0.316667 0.053711 0.055556
1 0.937500 0.426852 0.048828 0.050000
1 0.983887 0.287963 0.032227 0.046296
1 0.938477 0.157407 0.025391 0.096296
3 0.310059 0.098148 0.018555 0.066667
3 0.670410 0.659259 0.020508 0.055556
