1 0.208984 0.747222 0.033203 0.053704
1 0.233887 0.745370 0.030273 0.050000
1 0.484863 0.801852 0.018555 0.066667
1 0.534180 0.763889 0.021484 0.057407
1 0.561523 0.613889 0.029297 0.031481
3 0.568848 0.537037 0.006836 0.022222
1 0.536133 0.574074 0.021484 0.033333
1 0.274414 0.750000 0.035156 0.033333
1 0.512695 0.481481 0.011719 0.037037
1 0.528809 0.476852 0.010742 0.031481
1 0.534180 0.449074 0.011719 0.027778
1 0.549805 0.404630 0.009766 0.031481
1 0.546387 0.358333 0.006836 0.020370
0 0.597168 0.228704 0.016602 0.024074
2 0.559570 0.290741 0.011719 0.029630
1 0.590332 0.440741 0.012695 0.029630
1 0.625000 0.574074 0.031250 0.025926
2 0.786621 0.475926 0.034180 0.037037
2 0.817383 0.490741 0.021484 0.055556
2 0.835938 0.465741 0.033203 0.031481
2 0.835449 0.494444 0.016602 0.048148
2 0.906250 0.483333 0.023438 0.051852
2 0.875488 0.486111 0.026367 0.057407
1 0.579102 0.750926 0.017578 0.046296
1 0.595215 0.927778 0.022461 0.066667
1 0.585449 0.832407 0.020508 0.061111
1 0.627441 0.766667 0.020508 0.051852
1 0.650879 0.755556 0.020508 0.055556
1 0.609863 0.825000 0.020508 0.057407
1 0.636230 0.827778 0.024414 0.062963
1 0.663086 0.813889 0.023438 0.057407
1 0.909668 0.704630 0.028320 0.050000
1 0.931152 0.774074 0.040039 0.044444
1 0.951660 0.821296 0.043945 0.046296
1 0.968262 0.900000 0.036133 0.074074
1 0.933105 0.976852 0.045898 0.046296
1 0.217285 0.949074 0.051758 0.061111
1 0.256348 0.967593 0.047852 0.038889
