2 0.488770 0.502778 0.055664 0.190741
3 0.157227 0.897222 0.068359 0.205556
1 0.283691 0.675926 0.098633 0.203704
1 0.383301 0.659259 0.075195 0.159259
1 0.363770 0.491667 0.047852 0.079630
1 0.389160 0.430556 0.040039 0.061111
1 0.413574 0.377778 0.028320 0.059259
0 0.406738 0.312963 0.041992 0.074074
1 0.429688 0.434259 0.035156 0.057407
1 0.420898 0.507407 0.048828 0.111111
1 0.446289 0.402778 0.027344 0.057407
1 0.451172 0.362963 0.025391 0.051852
1 0.450684 0.302778 0.018555 0.035185
1 0.457031 0.274074 0.013672 0.025926
1 0.492188 0.268519 0.013672 0.029630
