0 0.736816 0.797222 0.055664 0.098148
2 0.769531 0.943519 0.039062 0.068519
1 0.572266 0.635185 0.017578 0.033333
1 0.603516 0.650000 0.017578 0.033333
1 0.595703 0.685185 0.019531 0.033333
1 0.547363 0.769444 0.018555 0.046296
1 0.618652 0.734259 0.018555 0.038889
1 0.644043 0.782407 0.022461 0.038889
1 0.645996 0.736111 0.020508 0.038889
1 0.684570 0.774074 0.017578 0.044444
1 0.625977 0.693519 0.017578 0.035185
1 0.644043 0.681481 0.016602 0.033333
1 0.664062 0.673148 0.017578 0.035185
2 0.413574 0.911111 0.036133 0.085185
1 0.415039 0.850000 0.023438 0.048148
1 0.407227 0.777778 0.015625 0.040741
1 0.367676 0.742593 0.014648 0.033333
1 0.339844 0.284259 0.007812 0.020370
1 0.379395 0.281481 0.006836 0.022222
1 0.493164 0.406481 0.015625 0.027778
1 0.515625 0.411111 0.011719 0.033333
1 0.460449 0.463889 0.012695 0.024074
1 0.474121 0.450926 0.012695 0.020370
1 0.515625 0.458333 0.015625 0.024074
1 0.320801 0.365741 0.010742 0.020370
1 0.330078 0.323148 0.007812 0.020370
1 0.344238 0.358333 0.008789 0.016667
1 0.356445 0.350926 0.009766 0.020370
1 0.375488 0.366667 0.010742 0.022222
1 0.399414 0.387037 0.009766 0.022222
1 0.411621 0.470370 0.012695 0.033333
1 0.435547 0.483333 0.011719 0.029630
1 0.298828 0.495370 0.013672 0.020370
2 0.312012 0.524074 0.016602 0.040741
1 0.326172 0.552778 0.015625 0.053704
1 0.329590 0.519444 0.008789 0.027778
1 0.349121 0.559259 0.010742 0.029630
1 0.406738 0.508333 0.010742 0.027778
1 0.388672 0.520370 0.009766 0.025926
1 0.343750 0.526852 0.007812 0.031481
1 0.340332 0.492593 0.008789 0.025926
1 0.333984 0.462963 0.009766 0.025926
1 0.318359 0.449074 0.009766 0.035185
1 0.334961 0.437037 0.009766 0.025926
2 0.328613 0.408333 0.010742 0.042593
1 0.329102 0.380556 0.007812 0.024074
1 0.347168 0.375926 0.008789 0.022222
1 0.360840 0.369444 0.008789 0.020370
1 0.351562 0.392593 0.007812 0.018519
1 0.371582 0.401852 0.010742 0.025926
1 0.365234 0.444444 0.011719 0.022222
1 0.370605 0.470370 0.010742 0.029630
1 0.380371 0.496296 0.010742 0.025926
1 0.400391 0.489815 0.011719 0.027778
1 0.391113 0.469444 0.010742 0.024074
1 0.380371 0.425926 0.008789 0.022222
1 0.386719 0.443519 0.009766 0.027778
1 0.364258 0.213889 0.007812 0.016667
1 0.625977 0.597222 0.015625 0.027778
