0 0.437988 0.696296 0.034180 0.118519
1 0.465332 0.474074 0.022461 0.029630
1 0.523438 0.289815 0.007812 0.016667
1 0.532227 0.299074 0.007812 0.016667
1 0.524902 0.390741 0.008789 0.022222
1 0.509766 0.410185 0.011719 0.027778
1 0.520996 0.420370 0.010742 0.025926
1 0.562988 0.384259 0.010742 0.020370
1 0.522461 0.447222 0.011719 0.027778
1 0.504883 0.474074 0.011719 0.025926
1 0.500000 0.525926 0.013672 0.033333
1 0.520508 0.478704 0.009766 0.024074
1 0.520996 0.510185 0.012695 0.031481
1 0.519531 0.544444 0.013672 0.033333
1 0.590332 0.600000 0.016602 0.033333
1 0.485840 0.737037 0.016602 0.059259
1 0.489258 0.655556 0.013672 0.040741
1 0.534668 0.643519 0.014648 0.046296
1 0.510254 0.689815 0.016602 0.050000
1 0.508789 0.748148 0.017578 0.055556
1 0.476074 0.847222 0.020508 0.064815
1 0.500488 0.876852 0.020508 0.072222
1 0.509766 0.812963 0.017578 0.055556
1 0.583496 0.738889 0.016602 0.048148
1 0.606934 0.734259 0.020508 0.046296
1 0.621582 0.671296 0.016602 0.042593
1 0.595703 0.896296 0.023438 0.062963
1 0.265137 0.897222 0.041992 0.035185
1 0.311523 0.869444 0.031250 0.068519
1 0.248535 0.704630 0.034180 0.027778
1 0.235840 0.723148 0.038086 0.031481
1 0.217285 0.772222 0.041992 0.033333
1 0.200684 0.811111 0.036133 0.037037
1 0.161133 0.893519 0.042969 0.042593
1 0.859863 0.907407 0.049805 0.044444
1 0.852051 0.826852 0.047852 0.042593
1 0.838867 0.796296 0.041016 0.037037
1 0.821777 0.742593 0.038086 0.037037
2 0.766113 0.586111 0.043945 0.038889
1 0.697266 0.624074 0.033203 0.029630
2 0.895020 0.713889 0.059570 0.046296
1 0.867676 0.660185 0.036133 0.035185
1 0.827637 0.569444 0.032227 0.024074
1 0.534668 0.270370 0.006836 0.018519
1 0.567871 0.279630 0.006836 0.014815
