1 0.572266 0.399074 0.019531 0.024074
1 0.515137 0.415741 0.012695 0.024074
1 0.502930 0.503704 0.023438 0.025926
1 0.559570 0.538889 0.021484 0.033333
3 0.547363 0.490741 0.014648 0.022222
1 0.497070 0.653704 0.015625 0.048148
1 0.463867 0.524074 0.021484 0.025926
1 0.529297 0.412037 0.009766 0.020370
1 0.534668 0.385185 0.010742 0.022222
1 0.551270 0.334259 0.008789 0.024074
1 0.587891 0.326852 0.009766 0.024074
1 0.505371 0.820370 0.018555 0.062963
1 0.572754 0.614815 0.014648 0.037037
1 0.575195 0.670370 0.015625 0.044444
1 0.586426 0.745370 0.018555 0.046296
1 0.597656 0.675926 0.013672 0.040741
1 0.606934 0.608333 0.014648 0.035185
1 0.626465 0.603704 0.016602 0.037037
1 0.637207 0.650000 0.018555 0.037037
1 0.614746 0.649074 0.016602 0.038889
1 0.639160 0.806481 0.022461 0.057407
3 0.624512 0.869444 0.012695 0.042593
1 0.603516 0.945370 0.025391 0.079630
1 0.659668 0.924074 0.028320 0.074074
1 0.187500 0.966667 0.031250 0.066667
1 0.270508 0.970370 0.042969 0.040741
1 0.841309 0.753704 0.034180 0.037037
1 0.831055 0.728704 0.027344 0.024074
1 0.855957 0.665741 0.022461 0.046296
