1 0.043945 0.049074 0.044922 0.057407
1 0.010742 0.188889 0.019531 0.077778
1 0.056152 0.387037 0.032227 0.103704
1 0.087402 0.381481 0.026367 0.096296
1 0.115234 0.377778 0.033203 0.092593
1 0.150391 0.372222 0.035156 0.096296
1 0.149414 0.245370 0.054688 0.050000
1 0.155273 0.151852 0.042969 0.040741
1 0.156250 0.044444 0.048828 0.044444
1 0.419434 0.042593 0.024414 0.081481
1 0.453125 0.029630 0.021484 0.055556
1 0.417969 0.232407 0.027344 0.101852
1 0.495117 0.222222 0.027344 0.103704
1 0.554688 0.144444 0.023438 0.096296
1 0.384766 0.350926 0.023438 0.105556
1 0.233887 0.640741 0.053711 0.048148
1 0.382812 0.513889 0.025391 0.090741
0 0.362305 0.782407 0.048828 0.253704
1 0.405762 0.885185 0.030273 0.111111
1 0.410645 0.606481 0.028320 0.098148
1 0.450195 0.619444 0.025391 0.105556
1 0.495605 0.748148 0.034180 0.096296
1 0.510254 0.900000 0.026367 0.100000
1 0.552734 0.925926 0.027344 0.111111
1 0.586426 0.935185 0.026367 0.100000
1 0.593262 0.564815 0.022461 0.085185
1 0.648926 0.704630 0.034180 0.094444
1 0.708984 0.560185 0.039062 0.072222
1 0.804688 0.413889 0.054688 0.053704
1 0.834473 0.350926 0.053711 0.057407
1 0.917480 0.317593 0.049805 0.057407
1 0.981934 0.287037 0.036133 0.048148
1 0.510254 0.337037 0.030273 0.085185
1 0.555176 0.334259 0.024414 0.087037
1 0.591797 0.240741 0.023438 0.096296
