0 0.641602 0.737963 0.060547 0.216667
0 0.380859 0.269444 0.037109 0.238889
1 0.385742 0.037037 0.021484 0.070370
1 0.417969 0.061111 0.023438 0.088889
1 0.449707 0.161111 0.026367 0.088889
1 0.419922 0.253704 0.025391 0.103704
1 0.486328 0.206481 0.025391 0.094444
1 0.051758 0.383333 0.031250 0.111111
1 0.083984 0.380556 0.025391 0.090741
1 0.110840 0.376852 0.032227 0.098148
1 0.037598 0.045370 0.047852 0.057407
1 0.145020 0.365741 0.034180 0.090741
2 0.305664 0.690741 0.072266 0.085185
1 0.439941 0.473148 0.030273 0.105556
1 0.483398 0.465741 0.023438 0.075926
1 0.519043 0.704630 0.024414 0.087037
1 0.547852 0.838889 0.031250 0.107407
1 0.587891 0.774074 0.025391 0.103704
1 0.504883 0.956481 0.025391 0.087037
1 0.617188 0.959259 0.027344 0.081481
1 0.831055 0.399074 0.056641 0.053704
1 0.834473 0.346296 0.051758 0.048148
1 0.916504 0.316667 0.051758 0.055556
1 0.983398 0.285185 0.033203 0.048148
1 0.818848 0.037963 0.047852 0.050000
1 0.144043 0.237963 0.051758 0.046296
1 0.153809 0.041667 0.051758 0.046296
