1 0.329102 0.589815 0.015625 0.038889
1 0.514160 0.499074 0.012695 0.031481
1 0.508789 0.428704 0.011719 0.027778
1 0.540039 0.649074 0.015625 0.050000
1 0.530273 0.369444 0.017578 0.020370
1 0.524414 0.320370 0.007812 0.018519
1 0.591797 0.623148 0.015625 0.038889
1 0.577148 0.559259 0.013672 0.033333
1 0.642090 0.591667 0.018555 0.035185
1 0.636719 0.675926 0.019531 0.037037
1 0.573730 0.500926 0.010742 0.027778
1 0.589355 0.518519 0.014648 0.029630
1 0.597656 0.474074 0.011719 0.022222
1 0.589844 0.434259 0.011719 0.024074
1 0.621094 0.506481 0.013672 0.027778
1 0.501465 0.774074 0.018555 0.062963
1 0.527344 0.837037 0.019531 0.066667
1 0.618164 0.853704 0.023438 0.059259
3 0.630371 0.763889 0.008789 0.027778
1 0.677246 0.882407 0.026367 0.068519
1 0.927734 0.701852 0.033203 0.033333
1 0.857422 0.775000 0.037109 0.031481
1 0.887695 0.802778 0.041016 0.038889
1 0.981934 0.723148 0.036133 0.035185
1 0.551270 0.314815 0.010742 0.018519
