1 0.419434 0.673148 0.051758 0.150000
1 0.369629 0.647222 0.043945 0.079630
1 0.358887 0.537037 0.034180 0.059259
1 0.484863 0.657407 0.040039 0.088889
1 0.414551 0.505556 0.026367 0.048148
1 0.444824 0.547222 0.028320 0.057407
1 0.458496 0.466667 0.022461 0.040741
1 0.487305 0.471296 0.021484 0.038889
1 0.590820 0.416667 0.019531 0.029630
1 0.602539 0.500926 0.029297 0.053704
2 0.445312 0.393519 0.013672 0.031481
1 0.469238 0.404630 0.014648 0.027778
1 0.433105 0.383333 0.012695 0.022222
3 0.451660 0.364815 0.006836 0.022222
1 0.473145 0.376852 0.012695 0.027778
1 0.475098 0.350926 0.010742 0.020370
1 0.529785 0.349074 0.010742 0.020370
1 0.479492 0.319444 0.007812 0.016667
1 0.465820 0.322222 0.007812 0.014815
1 0.897461 0.521296 0.064453 0.046296
1 0.820801 0.470370 0.045898 0.033333
