1 0.100586 0.888889 0.042969 0.037037
1 0.205566 0.887037 0.045898 0.037037
1 0.227539 0.831481 0.041016 0.040741
1 0.332520 0.838889 0.036133 0.040741
1 0.264160 0.795370 0.034180 0.053704
1 0.336914 0.804630 0.041016 0.035185
1 0.274902 0.764815 0.034180 0.044444
1 0.280762 0.737037 0.026367 0.040741
1 0.294434 0.713889 0.026367 0.042593
1 0.580566 0.620370 0.018555 0.048148
1 0.577637 0.525000 0.016602 0.038889
1 0.607910 0.522222 0.012695 0.029630
1 0.641602 0.530556 0.013672 0.027778
1 0.665527 0.600926 0.014648 0.035185
1 0.647461 0.376852 0.011719 0.024074
1 0.389648 0.484259 0.013672 0.027778
1 0.402344 0.487963 0.011719 0.027778
1 0.413086 0.487963 0.011719 0.031481
1 0.425293 0.486111 0.012695 0.027778
1 0.364746 0.509259 0.022461 0.022222
1 0.915527 0.707407 0.034180 0.029630
1 0.857422 0.618519 0.031250 0.029630
1 0.972168 0.613889 0.020508 0.038889
1 0.912109 0.774074 0.048828 0.033333
1 0.920410 0.798148 0.041992 0.033333
1 0.933105 0.826852 0.047852 0.035185
1 0.945801 0.855556 0.049805 0.037037
1 0.956543 0.887037 0.053711 0.044444
1 0.961426 0.923148 0.047852 0.038889
1 0.973633 0.967593 0.052734 0.057407
1 0.941406 0.647222 0.023438 0.035185
1 0.891113 0.666667 0.038086 0.025926
2 0.874023 0.646296 0.042969 0.033333
