1 0.417480 0.617593 0.051758 0.142593
1 0.480957 0.619444 0.040039 0.087037
1 0.365723 0.598148 0.041992 0.088889
1 0.314941 0.575926 0.047852 0.088889
1 0.401855 0.505556 0.030273 0.062963
1 0.482910 0.481481 0.026367 0.048148
1 0.438965 0.512963 0.028320 0.062963
1 0.450684 0.449074 0.022461 0.046296
1 0.461426 0.394444 0.016602 0.033333
1 0.431152 0.389815 0.018555 0.042593
1 0.413574 0.379630 0.018555 0.029630
1 0.565430 0.343519 0.013672 0.024074
1 0.578125 0.406481 0.021484 0.038889
1 0.468750 0.337037 0.011719 0.025926
1 0.467285 0.365741 0.014648 0.031481
1 0.463379 0.298148 0.008789 0.018519
1 0.479004 0.300000 0.008789 0.022222
1 0.522949 0.299074 0.010742 0.020370
1 0.895020 0.482407 0.065430 0.046296
