1 0.217773 0.779630 0.027344 0.033333
1 0.295410 0.745370 0.028320 0.046296
1 0.309082 0.575926 0.014648 0.033333
1 0.323242 0.578704 0.015625 0.035185
1 0.336914 0.577778 0.013672 0.033333
1 0.350586 0.575926 0.011719 0.033333
1 0.500000 0.831481 0.021484 0.062963
1 0.555176 0.812963 0.018555 0.062963
1 0.520020 0.960185 0.024414 0.079630
1 0.556152 0.480556 0.010742 0.027778
1 0.575195 0.529630 0.013672 0.029630
1 0.612305 0.488889 0.011719 0.025926
1 0.599121 0.409259 0.010742 0.025926
1 0.632324 0.578704 0.014648 0.038889
1 0.154785 0.975926 0.036133 0.048148
1 0.171875 0.943519 0.035156 0.057407
1 0.239746 0.722222 0.034180 0.029630
1 0.235352 0.755556 0.029297 0.037037
1 0.263672 0.681481 0.031250 0.033333
1 0.269043 0.647222 0.028320 0.031481
1 0.276855 0.615741 0.028320 0.027778
1 0.924805 0.832407 0.041016 0.042593
1 0.940430 0.741667 0.027344 0.050000
1 0.891113 0.780556 0.041992 0.031481
2 0.871094 0.750926 0.048828 0.035185
1 0.848145 0.711111 0.034180 0.029630
1 0.929199 0.925926 0.055664 0.040741
1 0.923828 0.863889 0.042969 0.031481
1 0.922852 0.892593 0.042969 0.040741
1 0.943359 0.962963 0.050781 0.044444
1 0.901855 0.806481 0.034180 0.027778
