1 0.393555 0.819444 0.066406 0.246296
1 0.299316 0.716667 0.069336 0.174074
1 0.332031 0.492593 0.046875 0.107407
1 0.408203 0.504630 0.044922 0.105556
2 0.468750 0.464815 0.037109 0.107407
1 0.403320 0.360185 0.031250 0.072222
1 0.363281 0.313889 0.027344 0.064815
2 0.540527 0.238889 0.026367 0.059259
1 0.559570 0.195370 0.017578 0.031481
1 0.388184 0.190741 0.014648 0.044444
1 0.411621 0.247222 0.022461 0.046296
1 0.449219 0.218519 0.019531 0.037037
1 0.470703 0.180556 0.025391 0.031481
1 0.495605 0.199074 0.022461 0.038889
1 0.509277 0.230556 0.020508 0.042593
1 0.519043 0.163889 0.016602 0.031481
1 0.502930 0.138889 0.015625 0.025926
1 0.592285 0.182407 0.016602 0.027778
