2 0.700195 0.883333 0.027344 0.051852
1 0.631348 0.856481 0.022461 0.042593
0 0.694824 0.812963 0.043945 0.092593
1 0.599609 0.792593 0.017578 0.037037
1 0.641113 0.821296 0.020508 0.042593
1 0.658203 0.800926 0.017578 0.038889
1 0.636230 0.758333 0.018555 0.035185
1 0.621582 0.776852 0.018555 0.038889
1 0.600586 0.733333 0.015625 0.033333
1 0.496094 0.867593 0.019531 0.046296
1 0.396484 0.915741 0.021484 0.050000
0 0.453125 0.545370 0.025391 0.068519
1 0.471680 0.472222 0.013672 0.025926
1 0.432129 0.470370 0.012695 0.025926
1 0.446289 0.416667 0.013672 0.029630
1 0.417480 0.412963 0.010742 0.022222
1 0.395020 0.400000 0.010742 0.025926
1 0.344727 0.317593 0.007812 0.020370
1 0.331543 0.323148 0.008789 0.024074
1 0.329590 0.297222 0.006836 0.016667
2 0.330078 0.642593 0.015625 0.051852
2 0.316895 0.610185 0.018555 0.042593
2 0.329102 0.512037 0.011719 0.046296
1 0.352051 0.407407 0.008789 0.022222
1 0.322754 0.454630 0.008789 0.027778
1 0.317383 0.506481 0.007812 0.031481
1 0.332031 0.467593 0.007812 0.027778
1 0.339844 0.537963 0.011719 0.031481
2 0.324219 0.566667 0.009766 0.040741
1 0.340820 0.573148 0.009766 0.027778
1 0.332520 0.603704 0.008789 0.033333
1 0.344238 0.604630 0.010742 0.031481
1 0.349609 0.630556 0.009766 0.031481
1 0.396973 0.627778 0.008789 0.029630
1 0.412598 0.621296 0.014648 0.031481
1 0.407227 0.594444 0.013672 0.033333
1 0.389648 0.605556 0.011719 0.029630
1 0.382324 0.583333 0.010742 0.029630
1 0.401367 0.571296 0.011719 0.027778
1 0.406738 0.538889 0.012695 0.025926
1 0.435547 0.562963 0.011719 0.029630
1 0.374512 0.561111 0.012695 0.029630
1 0.370117 0.535185 0.011719 0.025926
1 0.382812 0.509259 0.009766 0.018519
1 0.377441 0.490741 0.010742 0.025926
1 0.362305 0.508333 0.011719 0.027778
1 0.356934 0.487037 0.008789 0.025926
1 0.366699 0.462963 0.010742 0.022222
1 0.359863 0.437037 0.010742 0.022222
1 0.346680 0.437037 0.009766 0.022222
1 0.349121 0.454630 0.008789 0.020370
1 0.353027 0.471296 0.008789 0.024074
1 0.460449 0.359259 0.008789 0.018519
0 0.514160 0.490741 0.012695 0.029630
