1 0.712402 0.798148 0.084961 0.196296
1 0.415527 0.287037 0.026367 0.062963
1 0.431641 0.232407 0.019531 0.046296
1 0.621094 0.455556 0.041016 0.088889
1 0.444336 0.071296 0.011719 0.020370
1 0.449219 0.088889 0.011719 0.018519
1 0.543457 0.225926 0.022461 0.033333
1 0.569824 0.216667 0.020508 0.040741
1 0.555176 0.194444 0.020508 0.033333
1 0.528320 0.187963 0.019531 0.031481
1 0.496094 0.171296 0.017578 0.035185
2 0.529785 0.116667 0.020508 0.044444
2 0.500977 0.136111 0.021484 0.042593
1 0.516113 0.166667 0.016602 0.037037
1 0.568848 0.178704 0.020508 0.027778
1 0.541992 0.173148 0.015625 0.031481
1 0.532227 0.158333 0.015625 0.031481
1 0.547363 0.150000 0.016602 0.025926
1 0.479980 0.137037 0.016602 0.029630
1 0.518066 0.137037 0.014648 0.025926
1 0.507324 0.101852 0.012695 0.022222
2 0.471191 0.091667 0.016602 0.031481
0 0.482422 0.085185 0.023438 0.044444
1 0.796387 0.262963 0.040039 0.040741
