0 0.382324 0.135185 0.040039 0.237037
0 0.625977 0.881481 0.046875 0.225926
1 0.817383 0.046296 0.050781 0.040741
1 0.832520 0.348148 0.055664 0.048148
1 0.914062 0.317593 0.050781 0.050000
1 0.905762 0.377778 0.053711 0.051852
1 0.981934 0.291667 0.036133 0.042593
1 0.420410 0.027778 0.022461 0.051852
1 0.449219 0.030556 0.025391 0.057407
1 0.481934 0.078704 0.024414 0.079630
1 0.420410 0.132407 0.022461 0.087037
1 0.447754 0.200926 0.024414 0.094444
1 0.486328 0.228704 0.021484 0.072222
1 0.041992 0.050926 0.044922 0.061111
1 0.010254 0.188889 0.018555 0.077778
1 0.056152 0.386111 0.032227 0.098148
1 0.087891 0.386111 0.027344 0.094444
1 0.114258 0.380556 0.027344 0.090741
1 0.149414 0.372222 0.033203 0.081481
1 0.148438 0.244444 0.050781 0.044444
2 0.237793 0.657407 0.073242 0.062963
1 0.516113 0.907407 0.024414 0.103704
1 0.543945 0.964815 0.027344 0.070370
1 0.583984 0.948148 0.027344 0.100000
1 0.155762 0.048148 0.049805 0.048148
1 0.153320 0.193519 0.052734 0.038889
1 0.154785 0.153704 0.041992 0.044444
