1 0.250488 0.892593 0.043945 0.040741
1 0.714355 0.972222 0.032227 0.055556
3 0.679688 0.950926 0.009766 0.042593
1 0.632812 0.433333 0.009766 0.025926
1 0.651367 0.477778 0.011719 0.025926
1 0.636230 0.532407 0.012695 0.035185
1 0.631836 0.644444 0.017578 0.044444
1 0.655273 0.737963 0.017578 0.053704
1 0.672852 0.643519 0.013672 0.035185
1 0.694336 0.639815 0.017578 0.042593
2 0.870605 0.486111 0.040039 0.027778
1 0.914062 0.563889 0.031250 0.024074
1 0.965820 0.551852 0.023438 0.029630
1 0.940430 0.606481 0.037109 0.027778
1 0.887695 0.522222 0.031250 0.025926
1 0.959473 0.643519 0.040039 0.031481
1 0.975586 0.669444 0.033203 0.024074
1 0.710449 0.740741 0.022461 0.051852
1 0.395508 0.512037 0.017578 0.031481
1 0.578613 0.331481 0.008789 0.018519
1 0.581543 0.312963 0.010742 0.018519
1 0.620117 0.250926 0.007812 0.012963
1 0.625000 0.281481 0.015625 0.018519
