0 0.523438 0.634259 0.037109 0.101852
1 0.421875 0.839815 0.042969 0.061111
1 0.558105 0.586111 0.016602 0.038889
1 0.566406 0.637963 0.017578 0.042593
1 0.584961 0.559259 0.013672 0.037037
1 0.590820 0.473148 0.013672 0.027778
1 0.623535 0.612963 0.014648 0.037037
1 0.654297 0.600000 0.015625 0.037037
1 0.682617 0.494444 0.011719 0.029630
1 0.652344 0.346296 0.009766 0.022222
1 0.667969 0.300926 0.009766 0.020370
1 0.953613 0.770370 0.045898 0.037037
1 0.873047 0.773148 0.042969 0.027778
1 0.944824 0.740741 0.036133 0.029630
1 0.858398 0.642593 0.037109 0.033333
1 0.883301 0.490741 0.012695 0.025926
1 0.910645 0.624074 0.036133 0.040741
1 0.851074 0.618519 0.032227 0.022222
1 0.845703 0.575000 0.033203 0.027778
1 0.203613 0.885185 0.040039 0.066667
1 0.306641 0.626852 0.031250 0.027778
1 0.280273 0.671296 0.031250 0.031481
1 0.355957 0.562963 0.030273 0.022222
1 0.292969 0.555556 0.025391 0.022222
1 0.368164 0.540741 0.025391 0.022222
