3 0.305664 0.468519 0.015625 0.062963
1 0.054688 0.385185 0.029297 0.100000
1 0.010742 0.186111 0.019531 0.072222
1 0.044922 0.048148 0.042969 0.059259
1 0.158691 0.043519 0.047852 0.050000
1 0.154297 0.150000 0.042969 0.048148
1 0.147461 0.238889 0.054688 0.048148
1 0.087402 0.376852 0.024414 0.094444
1 0.116211 0.374074 0.031250 0.092593
1 0.150391 0.365741 0.033203 0.094444
1 0.417969 0.027778 0.019531 0.051852
1 0.416992 0.277778 0.021484 0.092593
1 0.243164 0.662037 0.054688 0.057407
1 0.369629 0.636111 0.024414 0.098148
1 0.553223 0.143519 0.020508 0.083333
1 0.620605 0.133333 0.022461 0.081481
1 0.818848 0.043519 0.047852 0.046296
1 0.450195 0.387037 0.023438 0.088889
1 0.515137 0.306481 0.040039 0.094444
1 0.532227 0.412963 0.033203 0.085185
1 0.573730 0.382407 0.022461 0.083333
1 0.439453 0.780556 0.021484 0.094444
2 0.409180 0.592593 0.035156 0.225926
1 0.593262 0.537037 0.026367 0.096296
1 0.560547 0.623148 0.027344 0.098148
1 0.483398 0.699074 0.029297 0.098148
1 0.502930 0.825926 0.027344 0.103704
1 0.546875 0.917593 0.027344 0.105556
1 0.580078 0.887037 0.029297 0.100000
1 0.595215 0.737037 0.024414 0.103704
1 0.787109 0.472222 0.050781 0.059259
1 0.801758 0.412037 0.054688 0.050000
1 0.832520 0.350000 0.053711 0.059259
1 0.913574 0.320370 0.047852 0.055556
1 0.949707 0.421296 0.045898 0.046296
1 0.981445 0.292593 0.037109 0.051852
1 0.935059 0.161111 0.026367 0.085185
