1 0.160645 0.770370 0.125977 0.233333
2 0.220703 0.514815 0.093750 0.177778
3 0.229492 0.654630 0.037109 0.112963
1 0.312500 0.708333 0.097656 0.183333
1 0.392090 0.775000 0.096680 0.257407
1 0.298828 0.551852 0.068359 0.118519
1 0.356445 0.447222 0.039062 0.064815
1 0.369141 0.546296 0.056641 0.100000
1 0.396973 0.455556 0.041992 0.081481
1 0.421875 0.386111 0.023438 0.057407
2 0.460938 0.325000 0.025391 0.064815
0 0.424316 0.264815 0.018555 0.040741
1 0.440430 0.281481 0.013672 0.029630
1 0.458496 0.257407 0.010742 0.018519
