1 0.275879 0.732407 0.022461 0.046296
1 0.314941 0.813889 0.041992 0.042593
1 0.331543 0.765741 0.038086 0.031481
1 0.511230 0.699074 0.016602 0.053704
1 0.514160 0.558333 0.010742 0.038889
1 0.490723 0.487963 0.016602 0.027778
1 0.464844 0.429630 0.019531 0.018519
1 0.482910 0.438889 0.018555 0.018519
1 0.584473 0.414815 0.022461 0.022222
1 0.599609 0.431481 0.021484 0.025926
1 0.572266 0.541667 0.011719 0.031481
1 0.597168 0.506481 0.012695 0.027778
1 0.603027 0.536111 0.012695 0.027778
1 0.618164 0.521296 0.013672 0.027778
1 0.574707 0.591667 0.014648 0.035185
1 0.592285 0.576852 0.014648 0.031481
1 0.586426 0.652778 0.014648 0.042593
1 0.634766 0.594444 0.017578 0.040741
1 0.635742 0.718519 0.019531 0.040741
3 0.624023 0.787037 0.009766 0.037037
1 0.607910 0.862037 0.022461 0.068519
1 0.663574 0.879630 0.026367 0.066667
3 0.518066 0.429630 0.012695 0.018519
1 0.519531 0.362963 0.009766 0.022222
1 0.558105 0.352778 0.016602 0.024074
1 0.533203 0.350000 0.009766 0.025926
1 0.909668 0.887963 0.047852 0.042593
1 0.856934 0.753704 0.040039 0.029630
1 0.780273 0.597222 0.027344 0.027778
