1 0.351074 0.046296 0.020508 0.062963
1 0.387695 0.080556 0.021484 0.064815
1 0.397949 0.155556 0.024414 0.062963
1 0.416992 0.229630 0.023438 0.066667
1 0.418945 0.116667 0.021484 0.055556
1 0.405273 0.044444 0.023438 0.070370
1 0.458984 0.290741 0.031250 0.081481
1 0.435059 0.187963 0.024414 0.068519
1 0.372559 0.612963 0.038086 0.051852
1 0.299805 0.675926 0.039062 0.044444
1 0.248535 0.719444 0.038086 0.046296
1 0.201172 0.759259 0.037109 0.048148
1 0.146484 0.804630 0.041016 0.046296
1 0.094727 0.848148 0.039062 0.048148
1 0.036133 0.899074 0.039062 0.050000
1 0.351074 0.680556 0.036133 0.046296
1 0.436523 0.614815 0.037109 0.051852
1 0.382324 0.704630 0.034180 0.050000
1 0.396973 0.733333 0.036133 0.048148
1 0.295410 0.723148 0.032227 0.046296
1 0.015625 0.454630 0.021484 0.068519
1 0.238770 0.772222 0.038086 0.051852
1 0.188965 0.819444 0.040039 0.050000
1 0.141113 0.857407 0.040039 0.048148
1 0.090820 0.897222 0.042969 0.053704
1 0.044922 0.932407 0.039062 0.050000
1 0.049805 0.972222 0.042969 0.051852
1 0.104980 0.937037 0.038086 0.051852
1 0.166504 0.975926 0.038086 0.048148
1 0.226074 0.930556 0.038086 0.046296
1 0.216797 0.837963 0.037109 0.050000
1 0.229980 0.871296 0.038086 0.046296
1 0.271484 0.836111 0.035156 0.050000
1 0.276367 0.788889 0.037109 0.048148
1 0.326660 0.744444 0.038086 0.051852
0 0.335938 0.787037 0.066406 0.081481
0 0.387695 0.795370 0.070312 0.087037
1 0.613281 0.954630 0.027344 0.075926
1 0.739258 0.918519 0.031250 0.081481
1 0.916504 0.763889 0.030273 0.075926
1 0.945312 0.856481 0.027344 0.072222
1 0.865723 0.573148 0.024414 0.072222
1 0.948730 0.047222 0.036133 0.046296
1 0.639160 0.255556 0.041992 0.051852
1 0.648926 0.292593 0.034180 0.048148
1 0.671387 0.320370 0.040039 0.051852
1 0.669922 0.359259 0.037109 0.048148
1 0.708496 0.328704 0.038086 0.050000
1 0.749512 0.293519 0.036133 0.046296
1 0.793457 0.262037 0.038086 0.050000
1 0.870117 0.158333 0.035156 0.050000
1 0.708008 0.145370 0.041016 0.042593
1 0.791992 0.080556 0.031250 0.042593
1 0.721191 0.275000 0.041992 0.053704
1 0.726562 0.228704 0.035156 0.046296
0 0.750488 0.161111 0.088867 0.103704
0 0.297363 0.871296 0.084961 0.098148
