0 0.567383 0.528704 0.066406 0.083333
1 0.500488 0.148148 0.014648 0.055556
1 0.484863 0.241667 0.012695 0.050000
1 0.470703 0.320370 0.015625 0.055556
1 0.486328 0.304630 0.013672 0.050000
1 0.516113 0.294444 0.012695 0.059259
1 0.604492 0.290741 0.023438 0.051852
1 0.281250 0.014815 0.031250 0.025926
1 0.201172 0.016667 0.027344 0.029630
1 0.173828 0.168519 0.029297 0.025926
1 0.175293 0.216667 0.028320 0.029630
1 0.178711 0.267593 0.029297 0.027778
1 0.284180 0.137963 0.027344 0.027778
1 0.284668 0.257407 0.028320 0.025926
1 0.287598 0.414815 0.028320 0.025926
1 0.227539 0.125926 0.025391 0.040741
1 0.227051 0.152778 0.024414 0.038889
1 0.232422 0.204630 0.027344 0.035185
1 0.230957 0.233333 0.024414 0.037037
1 0.104004 0.508333 0.026367 0.027778
1 0.283203 0.500000 0.029297 0.029630
1 0.374023 0.496296 0.025391 0.022222
1 0.343262 0.511111 0.026367 0.029630
1 0.334961 0.541667 0.029297 0.024074
1 0.303223 0.541667 0.028320 0.027778
1 0.270020 0.542593 0.028320 0.025926
1 0.241211 0.540741 0.027344 0.025926
1 0.205078 0.540741 0.027344 0.025926
1 0.167969 0.544444 0.025391 0.022222
1 0.029785 0.549074 0.028320 0.024074
1 0.060059 0.552778 0.028320 0.024074
1 0.094727 0.549074 0.029297 0.024074
1 0.138184 0.546296 0.032227 0.025926
1 0.031738 0.584259 0.030273 0.027778
1 0.064453 0.585185 0.029297 0.025926
1 0.100098 0.581481 0.034180 0.029630
1 0.135742 0.575926 0.029297 0.029630
1 0.173340 0.575000 0.030273 0.027778
1 0.209473 0.575000 0.028320 0.024074
1 0.253906 0.574074 0.029297 0.025926
1 0.283203 0.575926 0.025391 0.022222
1 0.318359 0.574074 0.025391 0.022222
1 0.346680 0.568519 0.021484 0.022222
1 0.007324 0.655556 0.012695 0.055556
1 0.021484 0.691667 0.015625 0.053704
1 0.047852 0.690741 0.017578 0.055556
1 0.092285 0.687963 0.014648 0.050000
1 0.105957 0.693519 0.016602 0.053704
1 0.122070 0.687963 0.015625 0.061111
1 0.137695 0.688889 0.015625 0.051852
1 0.157227 0.691667 0.019531 0.061111
1 0.175781 0.687963 0.015625 0.053704
1 0.179199 0.765741 0.018555 0.057407
1 0.014160 0.787963 0.018555 0.057407
1 0.029297 0.795370 0.013672 0.057407
1 0.042480 0.798148 0.014648 0.055556
1 0.055176 0.791667 0.014648 0.061111
1 0.068848 0.788889 0.016602 0.055556
1 0.108887 0.816667 0.018555 0.048148
1 0.125000 0.811111 0.019531 0.051852
1 0.172363 0.834259 0.016602 0.050000
1 0.193359 0.878704 0.023438 0.042593
1 0.203613 0.898148 0.024414 0.048148
1 0.287109 0.962037 0.025391 0.027778
1 0.324219 0.958333 0.029297 0.031481
1 0.454590 0.537963 0.026367 0.042593
1 0.528809 0.797222 0.014648 0.053704
1 0.531250 0.855556 0.013672 0.062963
1 0.530762 0.950926 0.014648 0.057407
1 0.545410 0.787963 0.014648 0.057407
1 0.562500 0.749074 0.013672 0.057407
1 0.579102 0.744444 0.013672 0.051852
1 0.575684 0.805556 0.012695 0.051852
1 0.579102 0.867593 0.013672 0.050000
1 0.611328 0.830556 0.015625 0.053704
1 0.642578 0.708333 0.023438 0.053704
1 0.704102 0.641667 0.027344 0.031481
1 0.615234 0.534259 0.029297 0.038889
1 0.632324 0.487963 0.028320 0.027778
1 0.658691 0.516667 0.028320 0.029630
1 0.685059 0.479630 0.028320 0.029630
1 0.673828 0.583333 0.027344 0.029630
1 0.723633 0.592593 0.027344 0.029630
1 0.714844 0.517593 0.029297 0.031481
1 0.740234 0.482407 0.027344 0.024074
1 0.755859 0.515741 0.029297 0.027778
1 0.799805 0.485185 0.031250 0.029630
1 0.794434 0.517593 0.028320 0.027778
1 0.834961 0.519444 0.029297 0.027778
1 0.866699 0.479630 0.030273 0.029630
1 0.874512 0.515741 0.028320 0.027778
1 0.900879 0.477778 0.026367 0.025926
1 0.956055 0.438889 0.033203 0.029630
1 0.932129 0.477778 0.026367 0.025926
1 0.907227 0.508333 0.029297 0.031481
1 0.943359 0.514815 0.031250 0.029630
1 0.972656 0.475000 0.031250 0.027778
1 0.975098 0.512963 0.028320 0.025926
1 0.845215 0.581481 0.028320 0.025926
1 0.771484 0.635185 0.027344 0.029630
1 0.924805 0.596296 0.027344 0.029630
