1 0.036133 0.858333 0.029297 0.079630
1 0.030762 0.760185 0.024414 0.075926
1 0.020020 0.555556 0.038086 0.025926
1 0.027832 0.602778 0.045898 0.031481
1 0.074707 0.551852 0.040039 0.037037
1 0.080078 0.602778 0.042969 0.038889
1 0.125488 0.549074 0.038086 0.035185
1 0.166504 0.550926 0.040039 0.031481
1 0.143555 0.597222 0.041016 0.035185
1 0.213379 0.546296 0.038086 0.033333
1 0.186035 0.600000 0.038086 0.033333
1 0.259766 0.545370 0.037109 0.035185
1 0.235352 0.595370 0.037109 0.031481
1 0.274902 0.587037 0.030273 0.033333
1 0.185059 0.146296 0.038086 0.037037
1 0.109863 0.112963 0.038086 0.051852
1 0.111328 0.072222 0.041016 0.051852
1 0.031250 0.090741 0.042969 0.044444
1 0.034180 0.162037 0.042969 0.038889
1 0.189941 0.368519 0.043945 0.040741
1 0.025391 0.352778 0.029297 0.072222
1 0.042480 0.368519 0.026367 0.055556
1 0.449219 0.037963 0.023438 0.072222
1 0.474609 0.206481 0.019531 0.075926
1 0.517090 0.194444 0.020508 0.081481
1 0.403320 0.475000 0.039062 0.038889
1 0.568848 0.393519 0.026367 0.064815
1 0.491699 0.569444 0.036133 0.064815
1 0.592773 0.470370 0.031250 0.066667
1 0.520996 0.678704 0.024414 0.075926
1 0.526855 0.774074 0.026367 0.070370
1 0.539551 0.882407 0.020508 0.083333
1 0.537109 0.963889 0.017578 0.072222
1 0.560547 0.900926 0.021484 0.083333
1 0.583984 0.846296 0.021484 0.077778
1 0.607422 0.837037 0.023438 0.074074
1 0.657227 0.903704 0.025391 0.074074
1 0.636230 0.549074 0.038086 0.057407
0 0.704102 0.459259 0.103516 0.055556
1 0.672852 0.623148 0.039062 0.042593
1 0.715332 0.574074 0.047852 0.048148
1 0.729980 0.512963 0.041992 0.033333
1 0.780273 0.510185 0.039062 0.038889
1 0.783203 0.459259 0.041016 0.037037
1 0.911133 0.395370 0.042969 0.038889
1 0.848145 0.460185 0.036133 0.031481
1 0.835449 0.512037 0.041992 0.038889
1 0.882324 0.506481 0.043945 0.042593
1 0.927734 0.456481 0.041016 0.035185
1 0.925293 0.508333 0.041992 0.038889
1 0.823730 0.573148 0.040039 0.038889
1 0.807617 0.632407 0.041016 0.035185
1 0.917480 0.622222 0.040039 0.037037
1 0.976074 0.459259 0.045898 0.040741
1 0.977539 0.510185 0.044922 0.038889
1 0.025391 0.968519 0.023438 0.062963
