0 0.480957 0.612037 0.084961 0.105556
0 0.772461 0.598148 0.097656 0.114815
0 0.732422 0.891667 0.085938 0.109259
0 0.178711 0.363889 0.089844 0.112963
0 0.044434 0.182407 0.059570 0.083333
1 0.025879 0.727778 0.034180 0.074074
1 0.020508 0.112963 0.035156 0.048148
1 0.054199 0.100000 0.034180 0.048148
1 0.033203 0.213889 0.033203 0.046296
1 0.114746 0.158333 0.034180 0.050000
1 0.153320 0.155556 0.037109 0.051852
1 0.131348 0.265741 0.034180 0.042593
1 0.094238 0.281481 0.041992 0.051852
1 0.162598 0.250926 0.034180 0.046296
1 0.230957 0.228704 0.034180 0.046296
1 0.207520 0.337963 0.032227 0.038889
1 0.274902 0.313889 0.034180 0.050000
1 0.286621 0.374074 0.030273 0.044444
1 0.256348 0.439815 0.032227 0.046296
1 0.365234 0.411111 0.035156 0.051852
1 0.316895 0.521296 0.032227 0.053704
1 0.397949 0.487037 0.038086 0.055556
1 0.398438 0.390741 0.037109 0.044444
1 0.106445 0.807407 0.029297 0.066667
1 0.054688 0.759259 0.027344 0.066667
1 0.138184 0.845370 0.030273 0.064815
1 0.183594 0.892593 0.029297 0.066667
1 0.405762 0.701852 0.022461 0.070370
1 0.408203 0.950926 0.025391 0.068519
1 0.068848 0.960185 0.038086 0.057407
1 0.502930 0.539815 0.033203 0.050000
1 0.525879 0.612037 0.034180 0.046296
1 0.510254 0.399074 0.036133 0.038889
1 0.577637 0.394444 0.036133 0.044444
1 0.583984 0.311111 0.029297 0.077778
1 0.581543 0.064815 0.036133 0.070370
1 0.583008 0.216667 0.023438 0.059259
1 0.613770 0.211111 0.026367 0.070370
1 0.683594 0.172222 0.025391 0.055556
1 0.653809 0.076852 0.026367 0.061111
1 0.627441 0.074074 0.026367 0.066667
1 0.602539 0.133333 0.027344 0.062963
1 0.633301 0.141667 0.024414 0.061111
1 0.714355 0.343519 0.022461 0.068519
1 0.750977 0.471296 0.031250 0.064815
1 0.660645 0.500000 0.040039 0.059259
1 0.625000 0.561111 0.039062 0.051852
1 0.682129 0.562963 0.038086 0.055556
1 0.679688 0.607407 0.041016 0.055556
1 0.575684 0.703704 0.038086 0.055556
1 0.616211 0.703704 0.037109 0.055556
1 0.648438 0.685185 0.037109 0.051852
1 0.675781 0.648148 0.035156 0.048148
1 0.732910 0.703704 0.040039 0.051852
1 0.704590 0.801852 0.034180 0.048148
1 0.807129 0.885185 0.038086 0.055556
1 0.777344 0.749074 0.039062 0.053704
1 0.759766 0.687963 0.037109 0.053704
1 0.801270 0.679630 0.036133 0.055556
1 0.871582 0.693519 0.040039 0.053704
1 0.863281 0.731481 0.035156 0.044444
1 0.854492 0.776852 0.037109 0.053704
1 0.824707 0.798148 0.040039 0.051852
1 0.916016 0.837037 0.039062 0.055556
1 0.949707 0.917593 0.041992 0.053704
1 0.881836 0.917593 0.041016 0.057407
