1 0.352539 0.500926 0.021484 0.024074
1 0.464844 0.102778 0.011719 0.042593
1 0.466797 0.262963 0.011719 0.044444
1 0.502441 0.174074 0.010742 0.044444
1 0.491699 0.308333 0.010742 0.042593
1 0.480469 0.366667 0.011719 0.044444
1 0.492676 0.354630 0.010742 0.038889
1 0.505371 0.356481 0.012695 0.042593
1 0.336914 0.226852 0.021484 0.020370
1 0.335449 0.162963 0.022461 0.022222
1 0.335449 0.127778 0.022461 0.025926
1 0.253418 0.247222 0.022461 0.020370
1 0.292480 0.237037 0.018555 0.029630
1 0.293457 0.213889 0.018555 0.031481
1 0.188965 0.434259 0.012695 0.038889
1 0.043945 0.424074 0.011719 0.037037
1 0.037598 0.650926 0.012695 0.042593
1 0.120605 0.623148 0.012695 0.042593
1 0.133789 0.650926 0.011719 0.042593
1 0.127441 0.726852 0.012695 0.042593
1 0.198242 0.653704 0.011719 0.040741
1 0.169922 0.725926 0.011719 0.044444
1 0.256348 0.711111 0.012695 0.044444
1 0.056152 0.572222 0.022461 0.022222
1 0.081055 0.517593 0.023438 0.024074
1 0.089355 0.541667 0.022461 0.020370
1 0.153320 0.515741 0.019531 0.024074
1 0.250000 0.512963 0.019531 0.022222
1 0.113770 0.542593 0.022461 0.018519
1 0.115723 0.565741 0.022461 0.024074
1 0.140137 0.568519 0.022461 0.022222
1 0.166016 0.570370 0.023438 0.022222
1 0.220703 0.563889 0.021484 0.020370
1 0.250977 0.563889 0.023438 0.027778
1 0.278809 0.563889 0.022461 0.024074
1 0.304199 0.537963 0.020508 0.020370
1 0.312012 0.563889 0.022461 0.024074
1 0.325684 0.538889 0.020508 0.022222
1 0.335938 0.564815 0.017578 0.018519
1 0.351074 0.537037 0.020508 0.022222
1 0.375977 0.536111 0.021484 0.024074
1 0.210938 0.649074 0.011719 0.050000
1 0.238281 0.650926 0.011719 0.046296
1 0.096680 0.647222 0.011719 0.042593
1 0.019531 0.344444 0.021484 0.025926
0 0.484375 0.820370 0.017578 0.096296
1 0.526367 0.779630 0.011719 0.048148
1 0.525391 0.827778 0.009766 0.040741
1 0.528320 0.877778 0.011719 0.048148
1 0.494141 0.690741 0.015625 0.040741
1 0.549805 0.699074 0.011719 0.042593
1 0.564941 0.562963 0.018555 0.029630
1 0.640625 0.521296 0.021484 0.020370
1 0.620605 0.418519 0.020508 0.033333
1 0.689941 0.520370 0.022461 0.022222
1 0.674316 0.496296 0.022461 0.018519
1 0.666992 0.614815 0.021484 0.022222
1 0.734375 0.520370 0.023438 0.022222
1 0.769531 0.522222 0.025391 0.025926
1 0.813965 0.522222 0.026367 0.025926
1 0.828125 0.491667 0.025391 0.024074
1 0.861816 0.497222 0.022461 0.020370
1 0.902832 0.612037 0.020508 0.020370
0 0.953613 0.494444 0.049805 0.029630
1 0.958008 0.525000 0.021484 0.024074
1 0.981934 0.467593 0.026367 0.020370
1 0.479004 0.210185 0.010742 0.050000
1 0.513672 0.230556 0.009766 0.050000
1 0.265625 0.794444 0.017578 0.033333
1 0.324707 0.910185 0.024414 0.024074
1 0.325195 0.933333 0.023438 0.022222
