0 0.760742 0.167593 0.207031 0.127778
1 0.427734 0.225000 0.080078 0.075926
0 0.196289 0.317593 0.113281 0.087037
1 0.095703 0.440741 0.082031 0.070370
1 0.139160 0.520370 0.077148 0.066667
1 0.327637 0.412963 0.075195 0.070370
1 0.439453 0.324074 0.074219 0.070370
1 0.520996 0.400000 0.081055 0.066667
1 0.648438 0.288889 0.072266 0.074074
1 0.628418 0.457407 0.079102 0.077778
1 0.390625 0.493519 0.085938 0.079630
2 0.563477 0.855556 0.097656 0.196296
1 0.704590 0.640741 0.073242 0.103704
1 0.852539 0.526852 0.078125 0.068519
1 0.797363 0.352778 0.079102 0.075926
1 0.867676 0.266667 0.083008 0.077778
1 0.192383 0.619444 0.078125 0.064815
1 0.069336 0.637037 0.078125 0.062963
1 0.112305 0.720370 0.078125 0.070370
1 0.186523 0.790741 0.085938 0.070370
1 0.217285 0.873148 0.079102 0.072222
1 0.044922 0.894444 0.078125 0.066667
1 0.053223 0.807407 0.079102 0.066667
