0 0.390625 0.533333 0.082031 0.129630
1 0.399414 0.487037 0.029297 0.051852
1 0.094238 0.055556 0.032227 0.051852
1 0.086426 0.090741 0.032227 0.051852
1 0.154785 0.095370 0.030273 0.050000
1 0.139160 0.170370 0.030273 0.048148
1 0.186523 0.181481 0.031250 0.051852
1 0.210449 0.125000 0.030273 0.050000
1 0.256836 0.238889 0.031250 0.048148
1 0.233398 0.305556 0.031250 0.051852
0 0.286133 0.327778 0.052734 0.081481
1 0.310547 0.214815 0.033203 0.055556
1 0.297363 0.403704 0.040039 0.062963
1 0.362305 0.217593 0.035156 0.057407
1 0.345215 0.310185 0.032227 0.053704
1 0.408691 0.268519 0.034180 0.059259
1 0.480957 0.340741 0.032227 0.051852
1 0.422363 0.374074 0.034180 0.055556
1 0.419922 0.419444 0.033203 0.053704
1 0.481934 0.453704 0.032227 0.055556
1 0.493652 0.406481 0.032227 0.053704
1 0.572266 0.411111 0.037109 0.059259
1 0.562500 0.557407 0.035156 0.048148
1 0.523438 0.611111 0.033203 0.051852
1 0.497070 0.635185 0.029297 0.048148
1 0.030762 0.579630 0.036133 0.066667
1 0.055664 0.622222 0.031250 0.059259
1 0.102539 0.685185 0.035156 0.062963
1 0.129883 0.729630 0.029297 0.066667
1 0.169922 0.790741 0.033203 0.066667
1 0.054199 0.820370 0.038086 0.048148
1 0.089844 0.855556 0.035156 0.055556
1 0.104492 0.884259 0.037109 0.050000
1 0.260742 0.926852 0.033203 0.064815
1 0.359863 0.880556 0.026367 0.068519
1 0.382324 0.913889 0.028320 0.064815
0 0.395996 0.960185 0.041992 0.079630
1 0.387207 0.713889 0.016602 0.061111
1 0.599609 0.505556 0.031250 0.055556
1 0.602051 0.558333 0.034180 0.050000
1 0.652344 0.582407 0.033203 0.050000
1 0.651367 0.681481 0.039062 0.059259
1 0.614258 0.694444 0.035156 0.055556
1 0.663086 0.817593 0.031250 0.053704
1 0.700684 0.745370 0.036133 0.057407
0 0.654785 0.516667 0.086914 0.133333
1 0.608887 0.337963 0.034180 0.072222
1 0.662598 0.313889 0.030273 0.061111
1 0.802734 0.134259 0.027344 0.061111
0 0.697754 0.046296 0.036133 0.074074
1 0.726562 0.058333 0.025391 0.057407
1 0.697266 0.125000 0.027344 0.061111
1 0.670898 0.116667 0.029297 0.062963
1 0.640625 0.171296 0.027344 0.053704
1 0.615723 0.243519 0.026367 0.057407
1 0.645996 0.249074 0.028320 0.068519
1 0.671387 0.186111 0.024414 0.057407
1 0.712891 0.707407 0.035156 0.059259
1 0.717773 0.658333 0.033203 0.053704
1 0.734863 0.631481 0.036133 0.059259
1 0.791992 0.623148 0.029297 0.053704
1 0.813477 0.737963 0.033203 0.053704
1 0.754395 0.887037 0.036133 0.059259
1 0.765625 0.835185 0.037109 0.059259
1 0.830566 0.922222 0.036133 0.059259
1 0.752930 0.949074 0.039062 0.068519
1 0.941895 0.969444 0.041992 0.061111
