1 0.263184 0.209259 0.061523 0.100000
1 0.324707 0.162037 0.069336 0.124074
1 0.376465 0.075926 0.069336 0.122222
1 0.621094 0.318519 0.066406 0.122222
1 0.455078 0.283333 0.064453 0.122222
1 0.394043 0.425000 0.065430 0.112963
1 0.302734 0.505556 0.074219 0.129630
1 0.267578 0.557407 0.070312 0.111111
1 0.053223 0.565741 0.053711 0.157407
1 0.093262 0.818519 0.047852 0.151852
1 0.254395 0.947222 0.073242 0.105556
1 0.443848 0.876852 0.077148 0.068519
1 0.643066 0.904630 0.086914 0.101852
1 0.772949 0.918519 0.081055 0.137037
1 0.866699 0.832407 0.073242 0.127778
1 0.961914 0.871296 0.066406 0.112963
1 0.829102 0.604630 0.068359 0.127778
1 0.735840 0.741667 0.069336 0.116667
1 0.716309 0.583333 0.059570 0.111111
1 0.592285 0.608333 0.065430 0.116667
1 0.150879 0.256481 0.071289 0.112963
1 0.147949 0.369444 0.073242 0.120370
1 0.036621 0.194444 0.071289 0.114815
1 0.056641 0.110185 0.072266 0.120370
1 0.152832 0.151852 0.075195 0.125926
