1 0.145508 0.123148 0.035156 0.042593
1 0.035156 0.184259 0.039062 0.046296
1 0.090820 0.224074 0.037109 0.040741
1 0.034180 0.225000 0.037109 0.042593
1 0.024414 0.258333 0.039062 0.046296
1 0.036133 0.310185 0.035156 0.042593
0 0.088379 0.395370 0.100586 0.094444
1 0.100098 0.354630 0.032227 0.038889
1 0.114746 0.322222 0.034180 0.044444
1 0.148926 0.303704 0.036133 0.048148
1 0.234863 0.323148 0.038086 0.042593
1 0.208008 0.342593 0.039062 0.048148
1 0.231445 0.400926 0.041016 0.050000
1 0.180176 0.456481 0.034180 0.038889
1 0.229004 0.499074 0.034180 0.046296
0 0.315918 0.504630 0.092773 0.090741
1 0.322754 0.420370 0.036133 0.044444
1 0.338867 0.393519 0.035156 0.046296
1 0.400391 0.421296 0.039062 0.038889
1 0.364258 0.491667 0.035156 0.038889
1 0.450684 0.508333 0.038086 0.042593
1 0.445312 0.544444 0.037109 0.044444
1 0.363770 0.615741 0.034180 0.053704
1 0.419434 0.575000 0.038086 0.046296
1 0.504883 0.631481 0.037109 0.044444
0 0.548828 0.713889 0.082031 0.079630
0 0.654297 0.735185 0.070312 0.077778
1 0.572754 0.635185 0.038086 0.048148
1 0.562988 0.383333 0.032227 0.051852
1 0.566895 0.297222 0.024414 0.079630
1 0.557617 0.200000 0.023438 0.062963
1 0.588379 0.191667 0.022461 0.072222
1 0.634766 0.212963 0.025391 0.062963
1 0.591797 0.050926 0.023438 0.064815
1 0.618164 0.045370 0.023438 0.068519
1 0.603516 0.117593 0.021484 0.057407
1 0.571777 0.117593 0.022461 0.061111
1 0.725586 0.383333 0.033203 0.062963
1 0.711914 0.500000 0.044922 0.048148
1 0.708984 0.542593 0.039062 0.051852
1 0.697266 0.579630 0.042969 0.048148
1 0.701172 0.620370 0.037109 0.048148
1 0.652344 0.646296 0.039062 0.051852
0 0.683105 0.808333 0.073242 0.087037
1 0.744629 0.751852 0.038086 0.048148
1 0.795410 0.745370 0.034180 0.046296
1 0.850098 0.832407 0.038086 0.050000
1 0.750488 0.613889 0.041992 0.050000
1 0.743164 0.649074 0.039062 0.046296
1 0.777344 0.591667 0.037109 0.046296
0 0.805176 0.558333 0.100586 0.098148
1 0.824707 0.520370 0.040039 0.044444
1 0.788574 0.683333 0.040039 0.048148
1 0.811035 0.656481 0.040039 0.050000
1 0.824707 0.623148 0.036133 0.046296
1 0.891602 0.613889 0.041016 0.050000
1 0.901855 0.665741 0.036133 0.046296
1 0.895996 0.710185 0.038086 0.050000
1 0.948730 0.745370 0.038086 0.046296
1 0.837891 0.718519 0.041016 0.051852
1 0.875488 0.796296 0.036133 0.044444
1 0.034180 0.851852 0.029297 0.077778
1 0.065918 0.877778 0.026367 0.077778
1 0.123047 0.911111 0.029297 0.074074
1 0.155762 0.940741 0.028320 0.070370
