0 0.529297 0.583333 0.052734 0.100000
1 0.487793 0.262037 0.012695 0.050000
1 0.474609 0.334259 0.013672 0.053704
1 0.489258 0.320370 0.011719 0.044444
1 0.503418 0.253704 0.014648 0.051852
1 0.516602 0.311111 0.013672 0.055556
1 0.580566 0.225000 0.016602 0.050000
1 0.297363 0.048148 0.030273 0.029630
1 0.198730 0.193519 0.026367 0.027778
1 0.202637 0.287037 0.026367 0.025926
1 0.199707 0.237037 0.026367 0.029630
1 0.251465 0.252778 0.024414 0.035185
1 0.301270 0.163889 0.024414 0.027778
1 0.247559 0.150926 0.022461 0.042593
1 0.247070 0.177778 0.025391 0.037037
1 0.251953 0.224074 0.025391 0.037037
1 0.301270 0.276852 0.024414 0.027778
1 0.008301 0.426852 0.014648 0.046296
1 0.031738 0.414815 0.016602 0.055556
1 0.032227 0.547222 0.025391 0.024074
1 0.043457 0.513889 0.024414 0.027778
1 0.036621 0.575000 0.026367 0.024074
1 0.062988 0.545370 0.028320 0.024074
1 0.065918 0.577778 0.028320 0.029630
1 0.123047 0.419444 0.017578 0.046296
1 0.090820 0.547222 0.027344 0.024074
1 0.041016 0.641667 0.015625 0.050000
1 0.012207 0.672222 0.014648 0.055556
1 0.055664 0.676852 0.015625 0.050000
1 0.047852 0.771296 0.015625 0.053704
1 0.062988 0.775926 0.012695 0.048148
1 0.076172 0.779630 0.013672 0.051852
1 0.100586 0.771296 0.013672 0.050000
1 0.120605 0.675926 0.014648 0.051852
1 0.137695 0.795370 0.015625 0.046296
1 0.203613 0.751852 0.014648 0.051852
1 0.196289 0.812037 0.013672 0.050000
1 0.216797 0.853704 0.021484 0.040741
1 0.135254 0.677778 0.016602 0.055556
1 0.148926 0.676852 0.014648 0.053704
1 0.163086 0.675000 0.011719 0.050000
1 0.182617 0.675926 0.015625 0.051852
1 0.199707 0.675926 0.014648 0.044444
1 0.124023 0.546296 0.029297 0.029630
1 0.096191 0.580556 0.026367 0.024074
1 0.129883 0.575000 0.031250 0.027778
1 0.164551 0.543519 0.028320 0.024074
1 0.161621 0.570370 0.026367 0.025926
1 0.191895 0.541667 0.024414 0.020370
1 0.196777 0.573148 0.028320 0.024074
1 0.229980 0.504630 0.026367 0.024074
1 0.227051 0.539815 0.026367 0.024074
1 0.229980 0.571296 0.026367 0.024074
1 0.261230 0.539815 0.026367 0.027778
1 0.271484 0.572222 0.027344 0.025926
1 0.287598 0.538889 0.028320 0.029630
1 0.295410 0.507407 0.026367 0.029630
1 0.318848 0.538889 0.026367 0.022222
1 0.300293 0.571296 0.026367 0.027778
1 0.346191 0.501852 0.024414 0.025926
1 0.347656 0.537963 0.029297 0.027778
1 0.333008 0.567593 0.025391 0.027778
1 0.358398 0.563889 0.023438 0.020370
1 0.418945 0.507407 0.025391 0.033333
1 0.532227 0.974074 0.015625 0.051852
1 0.528809 0.899074 0.014648 0.053704
1 0.529297 0.829630 0.013672 0.059259
1 0.526855 0.777778 0.012695 0.051852
1 0.542969 0.770370 0.013672 0.051852
1 0.557617 0.735185 0.013672 0.055556
1 0.573730 0.730556 0.014648 0.053704
1 0.571289 0.785185 0.011719 0.048148
1 0.573730 0.842593 0.014648 0.048148
1 0.599121 0.849074 0.016602 0.050000
1 0.614258 0.752778 0.017578 0.050000
1 0.655273 0.659259 0.025391 0.044444
1 0.583008 0.561111 0.027344 0.040741
1 0.588379 0.508333 0.030273 0.035185
1 0.620117 0.526852 0.025391 0.027778
1 0.642578 0.487037 0.025391 0.025926
1 0.689941 0.484259 0.028320 0.027778
1 0.677734 0.516667 0.029297 0.029630
1 0.721191 0.518519 0.028320 0.025926
1 0.739258 0.487037 0.031250 0.025926
1 0.719727 0.583333 0.023438 0.022222
1 0.756348 0.518519 0.026367 0.025926
1 0.838867 0.450000 0.029297 0.029630
1 0.806641 0.519444 0.025391 0.024074
1 0.828613 0.484259 0.030273 0.027778
1 0.865723 0.480556 0.026367 0.024074
1 0.845703 0.514815 0.027344 0.022222
1 0.769043 0.593519 0.024414 0.024074
1 0.826172 0.623148 0.025391 0.024074
1 0.979004 0.591667 0.024414 0.020370
2 0.961914 0.445370 0.033203 0.027778
1 0.898438 0.482407 0.025391 0.027778
1 0.877930 0.510185 0.029297 0.031481
1 0.910156 0.516667 0.027344 0.029630
1 0.938965 0.477778 0.030273 0.025926
1 0.940918 0.512963 0.028320 0.025926
1 0.970703 0.484259 0.027344 0.027778
1 0.978516 0.516667 0.029297 0.029630
