1 0.018555 0.140741 0.035156 0.048148
1 0.062988 0.176852 0.034180 0.046296
1 0.088379 0.156481 0.036133 0.046296
1 0.150391 0.205556 0.035156 0.048148
1 0.089355 0.240741 0.036133 0.048148
1 0.078613 0.276852 0.034180 0.042593
1 0.042969 0.296296 0.044922 0.051852
1 0.155273 0.339815 0.031250 0.042593
1 0.194824 0.328704 0.030273 0.046296
1 0.209473 0.298148 0.034180 0.048148
1 0.277344 0.355556 0.035156 0.048148
1 0.218262 0.442593 0.032227 0.040741
1 0.273438 0.501852 0.035156 0.048148
1 0.313477 0.428704 0.037109 0.050000
1 0.314453 0.350000 0.035156 0.048148
0 0.395508 0.545370 0.089844 0.101852
1 0.392578 0.650000 0.031250 0.062963
1 0.445801 0.539815 0.034180 0.050000
1 0.406250 0.462963 0.035156 0.044444
1 0.421875 0.402778 0.033203 0.038889
1 0.490723 0.421296 0.036133 0.035185
1 0.495117 0.623148 0.037109 0.046296
1 0.527832 0.606481 0.038086 0.053704
1 0.544434 0.577778 0.038086 0.044444
1 0.693359 0.057407 0.023438 0.062963
1 0.637207 0.060185 0.024414 0.064815
1 0.610352 0.062037 0.023438 0.064815
1 0.585938 0.128704 0.023438 0.053704
1 0.617676 0.130556 0.020508 0.053704
1 0.601562 0.200000 0.023438 0.066667
1 0.570801 0.207407 0.022461 0.062963
1 0.576172 0.303704 0.025391 0.081481
1 0.626465 0.298148 0.026367 0.055556
1 0.723145 0.385185 0.028320 0.059259
1 0.782227 0.505556 0.035156 0.059259
1 0.694336 0.511111 0.044922 0.051852
1 0.702637 0.559259 0.038086 0.048148
1 0.671387 0.585185 0.040039 0.051852
1 0.597168 0.700926 0.036133 0.046296
1 0.686035 0.738889 0.038086 0.048148
0 0.634766 0.787037 0.083984 0.092593
0 0.755371 0.841667 0.069336 0.087037
0 0.770508 0.913889 0.076172 0.094444
1 0.874512 0.899074 0.038086 0.053704
1 0.904785 0.875000 0.034180 0.046296
1 0.933105 0.794444 0.040039 0.051852
1 0.831055 0.761111 0.041016 0.051852
1 0.879883 0.751852 0.039062 0.048148
1 0.878906 0.703704 0.039062 0.048148
1 0.886230 0.658333 0.040039 0.050000
0 0.796387 0.588889 0.098633 0.103704
1 0.771484 0.620370 0.039062 0.048148
1 0.814941 0.653704 0.040039 0.044444
1 0.794434 0.684259 0.036133 0.050000
1 0.783691 0.718519 0.040039 0.051852
1 0.765137 0.763889 0.040039 0.053704
1 0.739258 0.680556 0.039062 0.050000
1 0.695801 0.643519 0.036133 0.050000
1 0.728516 0.629630 0.041016 0.051852
1 0.194824 0.933333 0.028320 0.074074
1 0.147949 0.893519 0.026367 0.068519
1 0.113770 0.859259 0.030273 0.070370
1 0.029297 0.787037 0.031250 0.077778
1 0.058594 0.816667 0.029297 0.070370
1 0.422363 0.964815 0.026367 0.070370
0 0.133301 0.370370 0.092773 0.103704
