0 0.371094 0.748148 0.070312 0.066667
0 0.325684 0.722222 0.069336 0.066667
0 0.273438 0.795370 0.087891 0.083333
0 0.114258 0.816667 0.101562 0.088889
0 0.766113 0.264815 0.094727 0.085185
1 0.405762 0.132407 0.018555 0.075926
1 0.437500 0.053704 0.019531 0.070370
1 0.438965 0.131481 0.018555 0.062963
1 0.450684 0.212037 0.018555 0.068519
1 0.457031 0.030556 0.019531 0.057407
1 0.464355 0.098148 0.016602 0.059259
1 0.472168 0.174074 0.020508 0.070370
1 0.485840 0.283333 0.024414 0.085185
1 0.022461 0.300000 0.021484 0.070370
1 0.042969 0.292593 0.019531 0.062963
1 0.020996 0.729630 0.040039 0.040741
1 0.023438 0.762037 0.039062 0.042593
1 0.025879 0.807407 0.043945 0.048148
1 0.029297 0.850000 0.037109 0.040741
1 0.085938 0.872222 0.035156 0.040741
1 0.080566 0.784259 0.041992 0.035185
1 0.070312 0.743519 0.041016 0.038889
1 0.078613 0.696296 0.038086 0.040741
1 0.132812 0.674074 0.041016 0.040741
1 0.121582 0.725000 0.040039 0.038889
1 0.143555 0.756481 0.041016 0.038889
1 0.171387 0.702778 0.040039 0.038889
1 0.206055 0.725926 0.037109 0.040741
1 0.206055 0.768519 0.037109 0.044444
1 0.195801 0.826852 0.040039 0.038889
1 0.249023 0.752778 0.035156 0.038889
1 0.202148 0.645370 0.037109 0.038889
1 0.226074 0.672222 0.040039 0.044444
1 0.254883 0.627778 0.037109 0.037037
1 0.300293 0.639815 0.032227 0.038889
1 0.271484 0.701852 0.037109 0.040741
1 0.328613 0.588889 0.036133 0.037037
1 0.340332 0.668519 0.038086 0.037037
1 0.381348 0.608333 0.034180 0.038889
1 0.413086 0.537037 0.037109 0.048148
1 0.412598 0.638889 0.036133 0.044444
1 0.399414 0.685185 0.037109 0.040741
1 0.508789 0.562963 0.037109 0.040741
1 0.893066 0.914815 0.026367 0.081481
1 0.684570 0.225926 0.039062 0.040741
1 0.667480 0.311111 0.043945 0.044444
1 0.672363 0.350000 0.038086 0.040741
1 0.690430 0.383333 0.042969 0.044444
1 0.686523 0.420370 0.037109 0.044444
1 0.729004 0.406481 0.041992 0.038889
1 0.745117 0.359259 0.041016 0.044444
1 0.773926 0.387963 0.038086 0.042593
1 0.821289 0.371296 0.039062 0.042593
1 0.854980 0.316667 0.036133 0.040741
1 0.758301 0.312963 0.036133 0.040741
1 0.930664 0.240741 0.035156 0.044444
1 0.860352 0.664815 0.019531 0.070370
