0 0.205566 0.246296 0.155273 0.107407
0 0.898438 0.148148 0.203125 0.129630
1 0.604004 0.200926 0.079102 0.072222
1 0.624512 0.295370 0.067383 0.068519
1 0.550781 0.390741 0.076172 0.066667
1 0.343262 0.410185 0.081055 0.068519
0 0.385254 0.279630 0.104492 0.100000
1 0.209961 0.345370 0.072266 0.072222
1 0.130859 0.428704 0.068359 0.068519
2 0.150391 0.518519 0.111328 0.085185
1 0.361328 0.489815 0.076172 0.064815
1 0.589844 0.470370 0.082031 0.077778
1 0.736328 0.366667 0.078125 0.070370
1 0.823242 0.264815 0.074219 0.066667
1 0.850098 0.425926 0.079102 0.070370
1 0.852051 0.524074 0.077148 0.070370
2 0.689941 0.649074 0.106445 0.157407
2 0.589355 0.876852 0.079102 0.150000
1 0.148926 0.624074 0.081055 0.062963
1 0.060547 0.641667 0.074219 0.057407
1 0.111328 0.719444 0.083984 0.072222
1 0.178223 0.785185 0.084961 0.074074
1 0.194336 0.872222 0.074219 0.062963
1 0.044434 0.894444 0.083008 0.059259
1 0.051270 0.801852 0.081055 0.059259
