0 0.328613 0.450000 0.084961 0.122222
1 0.044434 0.053704 0.034180 0.051852
1 0.105469 0.044444 0.031250 0.051852
1 0.144531 0.047222 0.033203 0.053704
1 0.125000 0.114815 0.031250 0.051852
1 0.096680 0.127778 0.029297 0.051852
1 0.187012 0.158333 0.030273 0.050000
1 0.241699 0.134259 0.034180 0.050000
1 0.180176 0.246296 0.030273 0.051852
0 0.226562 0.253704 0.052734 0.081481
1 0.238770 0.331481 0.040039 0.062963
1 0.323730 0.389815 0.030273 0.050000
1 0.266113 0.209259 0.034180 0.051852
1 0.365234 0.102778 0.035156 0.046296
1 0.333496 0.307407 0.034180 0.051852
1 0.380859 0.326852 0.035156 0.057407
1 0.437500 0.330556 0.035156 0.061111
1 0.444336 0.407407 0.033203 0.051852
1 0.487305 0.394444 0.035156 0.055556
1 0.425781 0.480556 0.031250 0.053704
1 0.421387 0.528704 0.028320 0.053704
1 0.379395 0.614815 0.020508 0.055556
1 0.384277 0.762963 0.018555 0.070370
1 0.028809 0.593519 0.036133 0.068519
1 0.054688 0.634259 0.027344 0.064815
1 0.101074 0.695370 0.032227 0.064815
1 0.129395 0.740741 0.032227 0.062963
1 0.169922 0.799074 0.033203 0.064815
1 0.054688 0.834259 0.037109 0.046296
1 0.089355 0.869444 0.038086 0.057407
1 0.103027 0.894444 0.036133 0.055556
1 0.263184 0.935185 0.034180 0.066667
1 0.383301 0.917593 0.030273 0.068519
1 0.517090 0.558333 0.036133 0.057407
1 0.554199 0.445370 0.034180 0.053704
1 0.569824 0.514815 0.032227 0.051852
1 0.578125 0.572222 0.031250 0.051852
1 0.602539 0.459259 0.039062 0.062963
1 0.562988 0.677778 0.028320 0.048148
1 0.643555 0.560185 0.033203 0.053704
0 0.677734 0.549074 0.089844 0.127778
1 0.647949 0.735185 0.038086 0.055556
1 0.657227 0.806481 0.037109 0.064815
1 0.673340 0.704630 0.038086 0.057407
1 0.722168 0.767593 0.036133 0.057407
1 0.683105 0.662963 0.032227 0.051852
1 0.698242 0.634259 0.031250 0.050000
1 0.761719 0.662037 0.037109 0.053704
1 0.763184 0.713889 0.036133 0.061111
1 0.850098 0.719444 0.034180 0.053704
1 0.792480 0.805556 0.034180 0.055556
1 0.783691 0.852778 0.038086 0.061111
1 0.865723 0.799074 0.034180 0.053704
1 0.850098 0.937037 0.038086 0.059259
1 0.616699 0.381481 0.034180 0.048148
1 0.604980 0.334259 0.032227 0.072222
1 0.642090 0.243519 0.026367 0.061111
1 0.611816 0.238889 0.026367 0.059259
1 0.758301 0.233333 0.028320 0.066667
1 0.724121 0.178704 0.028320 0.057407
1 0.771973 0.082407 0.026367 0.061111
2 0.690430 0.041667 0.039062 0.075926
1 0.720215 0.050000 0.026367 0.055556
1 0.692871 0.122222 0.028320 0.062963
1 0.666016 0.114815 0.027344 0.059259
1 0.634277 0.168519 0.026367 0.055556
1 0.665527 0.181481 0.024414 0.051852
