1 0.044434 0.846296 0.028320 0.062963
1 0.068359 0.842593 0.029297 0.066667
1 0.110840 0.845370 0.026367 0.064815
1 0.132324 0.843519 0.022461 0.057407
1 0.339844 0.830556 0.037109 0.035185
2 0.395508 0.760185 0.027344 0.105556
2 0.340332 0.762963 0.049805 0.044444
1 0.301758 0.605556 0.015625 0.037037
1 0.349609 0.689815 0.031250 0.024074
1 0.344238 0.712037 0.032227 0.027778
1 0.515625 0.968519 0.021484 0.062963
1 0.540039 0.967593 0.019531 0.064815
1 0.543945 0.894444 0.019531 0.062963
1 0.539551 0.822222 0.018555 0.059259
1 0.513672 0.787037 0.017578 0.051852
1 0.534180 0.729630 0.017578 0.055556
1 0.629883 0.648148 0.033203 0.033333
1 0.532715 0.664815 0.016602 0.051852
1 0.511719 0.660185 0.017578 0.046296
1 0.511230 0.575926 0.014648 0.040741
1 0.529785 0.594444 0.012695 0.044444
1 0.563477 0.565741 0.011719 0.038889
1 0.361816 0.602778 0.028320 0.031481
1 0.510742 0.489815 0.011719 0.035185
1 0.529297 0.517593 0.013672 0.038889
1 0.547363 0.516667 0.012695 0.037037
1 0.525391 0.442593 0.011719 0.033333
1 0.543945 0.428704 0.011719 0.035185
1 0.525879 0.387037 0.012695 0.040741
1 0.508301 0.387963 0.008789 0.031481
1 0.540527 0.363889 0.012695 0.031481
1 0.507324 0.330556 0.010742 0.027778
1 0.522949 0.311111 0.010742 0.025926
1 0.537109 0.285185 0.009766 0.025926
1 0.543945 0.321296 0.011719 0.031481
1 0.462891 0.278704 0.011719 0.031481
1 0.477051 0.265741 0.010742 0.027778
1 0.497559 0.212037 0.012695 0.024074
1 0.520020 0.227778 0.010742 0.022222
1 0.508301 0.232407 0.008789 0.024074
1 0.330078 0.393519 0.025391 0.024074
1 0.378906 0.301852 0.011719 0.025926
1 0.354004 0.299074 0.012695 0.027778
1 0.369629 0.346296 0.010742 0.029630
1 0.322266 0.365741 0.023438 0.020370
1 0.362793 0.574074 0.026367 0.029630
1 0.381348 0.345370 0.010742 0.031481
2 0.602051 0.468519 0.047852 0.040741
1 0.024414 0.970370 0.029297 0.059259
1 0.467285 0.198148 0.008789 0.025926
1 0.479492 0.191667 0.009766 0.024074
1 0.499023 0.183333 0.011719 0.022222
1 0.509277 0.185185 0.006836 0.018519
1 0.519043 0.142593 0.006836 0.018519
1 0.530762 0.152778 0.006836 0.020370
1 0.521973 0.188889 0.008789 0.018519
1 0.323242 0.487037 0.019531 0.029630
1 0.393066 0.406481 0.022461 0.016667
