1 0.055664 0.103704 0.031250 0.051852
1 0.068359 0.068519 0.033203 0.048148
1 0.097656 0.021296 0.031250 0.038889
1 0.059082 0.020370 0.032227 0.037037
1 0.168457 0.057407 0.032227 0.051852
1 0.132324 0.108333 0.032227 0.046296
1 0.138672 0.212963 0.033203 0.048148
0 0.172363 0.207407 0.055664 0.077778
1 0.191406 0.135185 0.033203 0.051852
1 0.189941 0.286111 0.038086 0.057407
1 0.262695 0.225000 0.031250 0.050000
1 0.257324 0.317593 0.030273 0.050000
1 0.325684 0.269444 0.034180 0.057407
0 0.276367 0.394444 0.083984 0.122222
1 0.339844 0.376852 0.035156 0.053704
1 0.350098 0.436111 0.028320 0.042593
1 0.392090 0.350000 0.032227 0.051852
1 0.352051 0.530556 0.026367 0.050000
1 0.434082 0.451852 0.032227 0.051852
1 0.500977 0.424074 0.037109 0.059259
1 0.562012 0.394444 0.038086 0.029630
1 0.381836 0.661111 0.023438 0.066667
1 0.025879 0.613889 0.034180 0.068519
1 0.052246 0.655556 0.028320 0.062963
1 0.099609 0.712963 0.029297 0.062963
1 0.128906 0.758333 0.029297 0.064815
1 0.169922 0.813889 0.031250 0.064815
1 0.264160 0.945370 0.032227 0.061111
1 0.054688 0.851852 0.037109 0.048148
1 0.089844 0.887037 0.037109 0.059259
1 0.104980 0.912963 0.038086 0.051852
1 0.362793 0.895370 0.028320 0.068519
1 0.386230 0.920370 0.028320 0.066667
1 0.472656 0.551852 0.027344 0.044444
1 0.554688 0.488889 0.037109 0.055556
1 0.553711 0.606481 0.035156 0.053704
1 0.576172 0.690741 0.037109 0.059259
1 0.603516 0.509259 0.035156 0.051852
1 0.603027 0.602778 0.034180 0.053704
1 0.640137 0.602778 0.032227 0.057407
1 0.613281 0.472222 0.039062 0.059259
0 0.704102 0.575926 0.091797 0.125926
1 0.681152 0.602778 0.034180 0.053704
0 0.656250 0.840741 0.089844 0.129630
1 0.709961 0.855556 0.035156 0.055556
1 0.729004 0.833333 0.036133 0.055556
1 0.692871 0.718519 0.038086 0.055556
1 0.734863 0.675926 0.034180 0.051852
1 0.744141 0.731481 0.033203 0.051852
1 0.742676 0.782407 0.036133 0.057407
1 0.795410 0.692593 0.038086 0.051852
1 0.800293 0.745370 0.034180 0.057407
1 0.799316 0.857407 0.038086 0.059259
1 0.756348 0.963889 0.038086 0.057407
1 0.851074 0.868519 0.036133 0.051852
1 0.870117 0.944444 0.039062 0.055556
1 0.602051 0.330556 0.030273 0.075926
1 0.661133 0.308333 0.029297 0.061111
1 0.710449 0.206481 0.028320 0.061111
1 0.735352 0.332407 0.017578 0.068519
1 0.768555 0.141667 0.023438 0.061111
1 0.712402 0.040741 0.024414 0.055556
2 0.683105 0.037037 0.032227 0.070370
1 0.684570 0.111111 0.027344 0.059259
1 0.659668 0.173148 0.022461 0.050000
1 0.657715 0.105556 0.028320 0.062963
1 0.628906 0.161111 0.025391 0.051852
1 0.605469 0.234259 0.025391 0.057407
1 0.635254 0.237963 0.028320 0.064815
1 0.915527 0.847222 0.034180 0.050000
1 0.930176 0.812037 0.036133 0.053704
1 0.432129 0.155556 0.036133 0.040741
