1 0.201660 0.974074 0.040039 0.040741
1 0.195312 0.898148 0.039062 0.033333
1 0.207031 0.870370 0.039062 0.033333
1 0.210938 0.839815 0.042969 0.038889
1 0.214355 0.809259 0.034180 0.029630
1 0.206055 0.708333 0.023438 0.042593
1 0.262207 0.728704 0.020508 0.050000
1 0.283203 0.727778 0.019531 0.059259
1 0.300293 0.731481 0.022461 0.051852
1 0.276855 0.848148 0.020508 0.059259
1 0.295898 0.848148 0.021484 0.062963
1 0.422852 0.757407 0.015625 0.055556
1 0.441406 0.854630 0.023438 0.090741
1 0.503418 0.907407 0.016602 0.062963
1 0.502441 0.783333 0.016602 0.055556
1 0.547363 0.828704 0.018555 0.061111
1 0.526367 0.864815 0.017578 0.066667
1 0.504883 0.668519 0.013672 0.048148
1 0.545410 0.710185 0.014648 0.057407
1 0.523438 0.634259 0.015625 0.050000
1 0.542969 0.614815 0.013672 0.044444
1 0.556152 0.555556 0.020508 0.044444
1 0.618652 0.537037 0.028320 0.029630
1 0.440430 0.524074 0.011719 0.040741
1 0.443359 0.619444 0.015625 0.050000
1 0.466797 0.667593 0.013672 0.053704
1 0.484863 0.519444 0.018555 0.042593
1 0.520508 0.502778 0.013672 0.035185
1 0.499512 0.589815 0.018555 0.042593
1 0.463867 0.500000 0.011719 0.044444
1 0.448242 0.454630 0.013672 0.042593
1 0.484863 0.449074 0.012695 0.035185
1 0.520508 0.422222 0.015625 0.044444
1 0.414551 0.507407 0.020508 0.025926
1 0.498535 0.490741 0.018555 0.037037
1 0.213379 0.442593 0.022461 0.029630
1 0.272949 0.491667 0.024414 0.027778
1 0.336426 0.498148 0.024414 0.022222
1 0.324707 0.401852 0.014648 0.029630
1 0.287109 0.417593 0.021484 0.024074
1 0.233887 0.410185 0.020508 0.024074
1 0.175781 0.429630 0.015625 0.033333
1 0.238281 0.442593 0.019531 0.033333
1 0.255371 0.450000 0.026367 0.029630
1 0.160156 0.287037 0.013672 0.033333
1 0.171387 0.287037 0.012695 0.033333
1 0.186523 0.292593 0.013672 0.029630
1 0.054199 0.268519 0.020508 0.018519
1 0.055664 0.327778 0.019531 0.025926
1 0.041016 0.353704 0.019531 0.029630
1 0.453613 0.381481 0.012695 0.033333
1 0.455566 0.334259 0.010742 0.031481
1 0.469238 0.326852 0.010742 0.031481
1 0.468262 0.392593 0.012695 0.037037
1 0.484375 0.413889 0.011719 0.035185
1 0.485840 0.379630 0.010742 0.029630
1 0.486328 0.350000 0.009766 0.029630
1 0.486328 0.322222 0.009766 0.029630
1 0.472168 0.277778 0.010742 0.029630
1 0.487793 0.291667 0.010742 0.035185
2 0.534668 0.295370 0.014648 0.038889
1 0.508301 0.334259 0.010742 0.031481
1 0.527344 0.356481 0.009766 0.027778
1 0.488770 0.256481 0.010742 0.027778
1 0.506348 0.242593 0.008789 0.029630
1 0.518066 0.250000 0.008789 0.029630
1 0.475586 0.218519 0.009766 0.029630
