0 0.513184 0.186111 0.190430 0.224074
1 0.306152 0.141667 0.073242 0.098148
1 0.212402 0.225926 0.077148 0.100000
1 0.046875 0.304630 0.078125 0.101852
1 0.180176 0.316667 0.067383 0.085185
1 0.375977 0.292593 0.072266 0.092593
1 0.336426 0.453704 0.073242 0.096296
1 0.537109 0.335185 0.074219 0.100000
1 0.507812 0.471296 0.076172 0.101852
1 0.636230 0.491667 0.075195 0.094444
1 0.752441 0.390741 0.077148 0.092593
1 0.673828 0.814815 0.080078 0.062963
1 0.466309 0.875926 0.079102 0.107407
1 0.832031 0.744444 0.074219 0.096296
1 0.889648 0.605556 0.072266 0.088889
1 0.952148 0.542593 0.080078 0.111111
1 0.877930 0.873148 0.095703 0.109259
1 0.964844 0.767593 0.070312 0.098148
1 0.136230 0.927778 0.067383 0.144444
1 0.043457 0.723148 0.069336 0.138889
1 0.243164 0.655556 0.076172 0.092593
1 0.244629 0.565741 0.083008 0.101852
1 0.188965 0.424074 0.081055 0.096296
1 0.089355 0.527778 0.077148 0.096296
1 0.069824 0.415741 0.079102 0.094444
