2 0.298340 0.076852 0.036133 0.079630
1 0.428711 0.312963 0.035156 0.070370
1 0.379883 0.277778 0.027344 0.062963
1 0.392090 0.225926 0.030273 0.066667
1 0.312500 0.033333 0.025391 0.059259
1 0.341309 0.101852 0.026367 0.059259
1 0.329102 0.145370 0.029297 0.068519
1 0.347656 0.210185 0.029297 0.064815
1 0.366211 0.162963 0.023438 0.055556
1 0.596191 0.196296 0.038086 0.066667
1 0.610840 0.226852 0.032227 0.061111
1 0.633789 0.241667 0.035156 0.068519
1 0.640137 0.282407 0.034180 0.053704
1 0.671875 0.235185 0.033203 0.059259
1 0.676758 0.128704 0.031250 0.053704
1 0.688965 0.159259 0.034180 0.062963
1 0.706543 0.182407 0.032227 0.061111
1 0.743652 0.131481 0.034180 0.062963
0 0.706543 0.048148 0.069336 0.092593
1 0.862305 0.422222 0.029297 0.066667
1 0.923340 0.549074 0.034180 0.064815
1 0.963379 0.626852 0.032227 0.061111
1 0.779785 0.779630 0.036133 0.066667
1 0.368164 0.703704 0.035156 0.059259
1 0.319336 0.772222 0.037109 0.059259
1 0.327637 0.816667 0.032227 0.051852
1 0.362305 0.764815 0.033203 0.055556
1 0.399902 0.770370 0.032227 0.055556
1 0.408691 0.700926 0.034180 0.053704
1 0.427246 0.774074 0.032227 0.055556
1 0.278320 0.842593 0.035156 0.059259
1 0.238770 0.897222 0.034180 0.057407
1 0.190430 0.969444 0.037109 0.061111
1 0.234375 0.963889 0.041016 0.064815
1 0.265137 0.963889 0.036133 0.061111
1 0.277832 0.891667 0.038086 0.064815
1 0.320801 0.939815 0.032227 0.061111
1 0.318359 0.887963 0.035156 0.061111
1 0.355957 0.828704 0.036133 0.061111
0 0.376465 0.855556 0.059570 0.107407
0 0.428223 0.839815 0.063477 0.109259
1 0.666504 0.875926 0.030273 0.066667
1 0.703125 0.942593 0.031250 0.074074
1 0.748047 0.972222 0.031250 0.055556
2 0.697266 0.862963 0.041016 0.096296
1 0.952148 0.854630 0.031250 0.061111
1 0.964355 0.950000 0.028320 0.085185
