1 0.113770 0.107407 0.034180 0.033333
1 0.115234 0.162963 0.033203 0.033333
1 0.119629 0.225926 0.032227 0.025926
1 0.177246 0.058333 0.028320 0.042593
1 0.176270 0.089815 0.028320 0.042593
1 0.181152 0.151852 0.030273 0.037037
1 0.180664 0.183333 0.029297 0.037037
1 0.243652 0.072222 0.030273 0.029630
1 0.243164 0.211111 0.031250 0.029630
1 0.246582 0.398148 0.032227 0.029630
1 0.248535 0.492593 0.030273 0.029630
1 0.393555 0.503704 0.033203 0.029630
1 0.021973 0.556481 0.034180 0.031481
1 0.070801 0.550926 0.032227 0.027778
1 0.107422 0.549074 0.031250 0.027778
1 0.151367 0.548148 0.031250 0.025926
1 0.193848 0.546296 0.030273 0.029630
1 0.227051 0.547222 0.032227 0.031481
1 0.265137 0.543519 0.034180 0.031481
1 0.303223 0.543519 0.032227 0.031481
1 0.316406 0.575926 0.025391 0.022222
1 0.284668 0.582407 0.030273 0.027778
1 0.208008 0.584259 0.033203 0.031481
1 0.156250 0.586111 0.035156 0.031481
1 0.113770 0.587963 0.034180 0.031481
1 0.068848 0.587963 0.032227 0.031481
1 0.025879 0.591667 0.041992 0.031481
1 0.017090 0.720370 0.016602 0.059259
1 0.034180 0.723148 0.019531 0.061111
1 0.053223 0.718519 0.020508 0.066667
1 0.071289 0.719444 0.017578 0.068519
1 0.093750 0.723148 0.023438 0.064815
1 0.115723 0.720370 0.018555 0.055556
1 0.121094 0.800000 0.021484 0.062963
1 0.038086 0.871296 0.023438 0.057407
1 0.057129 0.869444 0.024414 0.053704
1 0.113281 0.892593 0.017578 0.059259
1 0.136719 0.945370 0.029297 0.050000
1 0.148926 0.968519 0.028320 0.055556
1 0.110840 0.385185 0.024414 0.059259
1 0.479980 0.173148 0.014648 0.061111
1 0.464355 0.267593 0.016602 0.064815
1 0.481934 0.265741 0.014648 0.057407
1 0.518066 0.253704 0.016602 0.066667
1 0.459473 0.598148 0.028320 0.044444
1 0.469238 0.549074 0.028320 0.046296
1 0.518555 0.699074 0.023438 0.061111
1 0.532227 0.847222 0.015625 0.064815
1 0.535156 0.930556 0.017578 0.075926
1 0.571289 0.788889 0.017578 0.066667
1 0.591309 0.782407 0.016602 0.061111
1 0.587891 0.853704 0.015625 0.059259
1 0.590820 0.940741 0.015625 0.055556
1 0.701172 0.386111 0.033203 0.038889
0 0.647949 0.477778 0.083008 0.048148
1 0.604980 0.545370 0.026367 0.050000
1 0.643555 0.564815 0.029297 0.037037
1 0.666016 0.733333 0.025391 0.059259
1 0.634277 0.850926 0.022461 0.068519
1 0.712891 0.473148 0.033203 0.027778
1 0.674805 0.518519 0.033203 0.029630
1 0.717285 0.515741 0.032227 0.031481
1 0.726074 0.581481 0.032227 0.029630
1 0.763672 0.475000 0.033203 0.031481
1 0.777832 0.515741 0.034180 0.031481
1 0.799805 0.611111 0.031250 0.029630
1 0.814453 0.512963 0.033203 0.029630
1 0.838867 0.474074 0.033203 0.029630
1 0.852539 0.515741 0.035156 0.035185
1 0.858398 0.581481 0.041016 0.029630
1 0.892578 0.474074 0.037109 0.033333
1 0.893555 0.516667 0.035156 0.029630
1 0.931152 0.468519 0.036133 0.029630
1 0.945312 0.512037 0.035156 0.027778
1 0.933105 0.567593 0.034180 0.035185
1 0.973633 0.466667 0.033203 0.029630
1 0.981445 0.503704 0.033203 0.033333
1 0.980957 0.620370 0.034180 0.029630
1 0.705078 0.687037 0.031250 0.044444
1 0.019531 0.394444 0.021484 0.059259
