0 0.631348 0.225000 0.198242 0.131481
1 0.471191 0.305556 0.075195 0.077778
1 0.270508 0.178704 0.080078 0.083333
1 0.239258 0.267593 0.074219 0.072222
1 0.068359 0.320370 0.076172 0.070370
1 0.279785 0.361111 0.083008 0.077778
1 0.176270 0.418519 0.086914 0.081481
1 0.107910 0.507407 0.071289 0.059259
1 0.260254 0.537963 0.075195 0.068519
1 0.409668 0.456481 0.077148 0.075926
1 0.584961 0.413889 0.074219 0.072222
1 0.710449 0.350926 0.077148 0.068519
1 0.882812 0.281481 0.080078 0.081481
1 0.856445 0.451852 0.078125 0.066667
1 0.894043 0.635185 0.081055 0.070370
1 0.675293 0.708333 0.073242 0.087037
1 0.544922 0.852778 0.068359 0.112963
1 0.232910 0.789815 0.077148 0.072222
1 0.054688 0.933333 0.087891 0.107407
1 0.051758 0.753704 0.082031 0.066667
1 0.204102 0.696296 0.082031 0.070370
1 0.130371 0.605556 0.079102 0.070370
1 0.039551 0.668519 0.077148 0.070370
