1 0.535156 0.901852 0.017578 0.074074
1 0.533203 0.798148 0.019531 0.074074
0 0.675293 0.467593 0.092773 0.046296
1 0.458008 0.184259 0.017578 0.068519
1 0.474609 0.062037 0.015625 0.068519
1 0.478027 0.240741 0.014648 0.066667
1 0.517090 0.226852 0.016602 0.075926
1 0.076660 0.069444 0.038086 0.038889
1 0.216309 0.027778 0.034180 0.037037
1 0.143066 0.050000 0.034180 0.051852
1 0.148926 0.115741 0.036133 0.046296
1 0.148438 0.152778 0.035156 0.046296
1 0.217773 0.183333 0.037109 0.037037
1 0.081055 0.196296 0.037109 0.029630
1 0.221680 0.384259 0.039062 0.035185
1 0.073242 0.367593 0.027344 0.064815
1 0.027832 0.554630 0.036133 0.027778
1 0.026367 0.594444 0.039062 0.033333
1 0.066406 0.552778 0.035156 0.024074
1 0.074219 0.594444 0.039062 0.033333
1 0.116211 0.548148 0.035156 0.029630
1 0.121094 0.593519 0.037109 0.031481
1 0.162598 0.549074 0.034180 0.035185
1 0.199219 0.549074 0.037109 0.031481
1 0.241699 0.546296 0.036133 0.029630
1 0.326172 0.482407 0.033203 0.027778
1 0.283691 0.546296 0.034180 0.029630
1 0.178711 0.589815 0.035156 0.031481
1 0.216797 0.592593 0.033203 0.029630
1 0.264160 0.588889 0.032227 0.025926
1 0.298340 0.581481 0.028320 0.022222
1 0.448242 0.523148 0.035156 0.046296
1 0.081055 0.825926 0.023438 0.070370
1 0.072754 0.931481 0.018555 0.062963
1 0.013672 0.902778 0.025391 0.068519
1 0.076172 0.737037 0.021484 0.062963
1 0.053711 0.744444 0.023438 0.074074
1 0.027832 0.740741 0.020508 0.070370
1 0.008789 0.739815 0.015625 0.072222
1 0.504883 0.685185 0.027344 0.055556
1 0.503906 0.612963 0.025391 0.059259
1 0.587402 0.478704 0.024414 0.057407
1 0.617188 0.527778 0.029297 0.055556
1 0.671875 0.575000 0.035156 0.038889
1 0.701172 0.513889 0.037109 0.031481
1 0.744141 0.466667 0.037109 0.033333
1 0.791016 0.403704 0.039062 0.037037
1 0.809082 0.468519 0.036133 0.029630
1 0.749023 0.512963 0.033203 0.033333
1 0.805176 0.514815 0.038086 0.033333
1 0.733398 0.618519 0.033203 0.033333
1 0.788086 0.575926 0.042969 0.037037
1 0.844727 0.510185 0.035156 0.035185
1 0.887207 0.464815 0.034180 0.029630
1 0.885742 0.512037 0.037109 0.031481
1 0.879395 0.570370 0.038086 0.037037
1 0.896973 0.630556 0.036133 0.035185
1 0.932129 0.468519 0.040039 0.033333
1 0.934082 0.514815 0.038086 0.033333
1 0.972656 0.462963 0.039062 0.033333
1 0.555176 0.867593 0.018555 0.072222
1 0.576660 0.814815 0.018555 0.070370
1 0.599121 0.812037 0.016602 0.072222
1 0.595703 0.897222 0.015625 0.061111
1 0.695801 0.733333 0.030273 0.055556
1 0.662109 0.803704 0.027344 0.062963
