1 0.226562 0.212963 0.037109 0.037037
1 0.043945 0.269444 0.037109 0.038889
1 0.021484 0.296296 0.035156 0.040741
1 0.055176 0.353704 0.034180 0.040741
1 0.062500 0.404630 0.033203 0.038889
1 0.095215 0.334259 0.036133 0.042593
1 0.161133 0.332407 0.037109 0.038889
1 0.153320 0.369444 0.037109 0.042593
1 0.156738 0.412037 0.041992 0.050000
1 0.142090 0.495370 0.034180 0.035185
1 0.192383 0.524074 0.037109 0.037037
1 0.245117 0.415741 0.035156 0.042593
1 0.266113 0.388889 0.036133 0.044444
1 0.323730 0.420370 0.036133 0.044444
1 0.281250 0.476852 0.039062 0.038889
1 0.369629 0.486111 0.036133 0.042593
1 0.368652 0.523148 0.038086 0.042593
1 0.349121 0.559259 0.038086 0.044444
1 0.324707 0.604630 0.036133 0.046296
1 0.426758 0.600926 0.033203 0.042593
0 0.252930 0.506481 0.093750 0.087037
0 0.050293 0.445370 0.098633 0.087037
1 0.042480 0.926852 0.030273 0.087037
1 0.493164 0.439815 0.033203 0.042593
1 0.475586 0.582407 0.037109 0.042593
0 0.475586 0.676852 0.080078 0.075926
0 0.566895 0.674074 0.065430 0.074074
0 0.606934 0.750926 0.071289 0.072222
1 0.631836 0.663889 0.037109 0.046296
1 0.574219 0.050926 0.023438 0.072222
1 0.600098 0.046296 0.020508 0.066667
1 0.555176 0.120370 0.020508 0.062963
1 0.545410 0.205556 0.020508 0.062963
1 0.557617 0.300000 0.023438 0.077778
1 0.576660 0.353704 0.032227 0.059259
1 0.575195 0.191667 0.021484 0.072222
1 0.586426 0.116667 0.018555 0.055556
1 0.633789 0.178704 0.023438 0.061111
1 0.727051 0.378704 0.032227 0.057407
1 0.714355 0.487963 0.043945 0.050000
1 0.710449 0.527778 0.038086 0.044444
1 0.702148 0.565741 0.041016 0.046296
1 0.703125 0.606481 0.037109 0.046296
1 0.683105 0.651852 0.030273 0.040741
1 0.552246 0.581481 0.040039 0.044444
1 0.755859 0.592593 0.042969 0.048148
1 0.783203 0.565741 0.035156 0.042593
1 0.792969 0.653704 0.041016 0.048148
1 0.723633 0.723148 0.039062 0.046296
1 0.768066 0.700926 0.036133 0.042593
1 0.747559 0.630556 0.043945 0.046296
1 0.843262 0.684259 0.043945 0.046296
1 0.830078 0.636111 0.039062 0.046296
1 0.839355 0.597222 0.036133 0.042593
0 0.805664 0.531481 0.103516 0.092593
1 0.900879 0.537037 0.041992 0.048148
1 0.894043 0.575926 0.040039 0.044444
1 0.924316 0.632407 0.040039 0.046296
1 0.907715 0.670370 0.038086 0.040741
1 0.973633 0.709259 0.041016 0.044444
1 0.835449 0.816667 0.041992 0.044444
