1 0.574219 0.394444 0.035156 0.151852
1 0.654785 0.490741 0.034180 0.129630
1 0.614746 0.219444 0.038086 0.150000
1 0.542969 0.133333 0.041016 0.144444
1 0.486328 0.195370 0.035156 0.135185
1 0.479980 0.369444 0.038086 0.142593
1 0.429199 0.322222 0.038086 0.148148
1 0.437500 0.075000 0.037109 0.146296
1 0.390625 0.164815 0.035156 0.137037
1 0.342773 0.149074 0.033203 0.150000
1 0.342773 0.375000 0.037109 0.142593
1 0.381348 0.417593 0.038086 0.153704
1 0.150879 0.415741 0.075195 0.101852
1 0.110840 0.528704 0.083008 0.068519
1 0.132324 0.625000 0.063477 0.068519
1 0.047852 0.815741 0.083984 0.109259
1 0.299316 0.646296 0.067383 0.137037
1 0.038574 0.622222 0.075195 0.062963
1 0.405273 0.914815 0.058594 0.137037
1 0.565430 0.825000 0.035156 0.146296
1 0.611328 0.767593 0.035156 0.161111
1 0.969238 0.486111 0.061523 0.064815
