1 0.140625 0.113889 0.070312 0.090741
1 0.220215 0.203704 0.061523 0.085185
1 0.236816 0.139815 0.063477 0.094444
1 0.452637 0.097222 0.041992 0.109259
1 0.235840 0.650926 0.030273 0.124074
0 0.280762 0.702778 0.108398 0.290741
1 0.296387 0.942593 0.049805 0.114815
1 0.401855 0.591667 0.049805 0.112963
1 0.425293 0.843519 0.045898 0.116667
3 0.384766 0.949074 0.023438 0.064815
1 0.471680 0.667593 0.039062 0.112963
1 0.827148 0.612963 0.064453 0.092593
1 0.908691 0.162037 0.041992 0.101852
1 0.564941 0.298148 0.030273 0.111111
1 0.614746 0.461111 0.043945 0.107407
1 0.525879 0.374074 0.040039 0.129630
1 0.494629 0.490741 0.036133 0.118519
