1 0.133789 0.754630 0.074219 0.094444
1 0.042480 0.639815 0.049805 0.050000
1 0.082031 0.453704 0.044922 0.037037
1 0.179199 0.517593 0.055664 0.035185
1 0.373535 0.675926 0.045898 0.085185
1 0.498047 0.443519 0.033203 0.031481
1 0.531250 0.470370 0.037109 0.037037
1 0.529297 0.506481 0.039062 0.042593
1 0.580566 0.438889 0.024414 0.037037
1 0.644043 0.337963 0.016602 0.027778
1 0.690430 0.342593 0.015625 0.025926
1 0.724609 0.349074 0.013672 0.024074
1 0.755859 0.408333 0.025391 0.035185
1 0.699707 0.418519 0.018555 0.033333
1 0.673340 0.420370 0.018555 0.029630
1 0.637695 0.512037 0.025391 0.042593
1 0.612305 0.566667 0.027344 0.051852
1 0.568359 0.558333 0.021484 0.053704
1 0.543945 0.634259 0.035156 0.057407
1 0.503906 0.717593 0.042969 0.072222
1 0.796387 0.953704 0.045898 0.092593
1 0.792480 0.778704 0.034180 0.075926
1 0.792969 0.652778 0.050781 0.046296
1 0.819824 0.689815 0.055664 0.057407
1 0.831543 0.560185 0.053711 0.053704
1 0.912109 0.595370 0.054688 0.050000
1 0.976074 0.623148 0.047852 0.053704
1 0.815918 0.422222 0.016602 0.025926
1 0.816406 0.399074 0.013672 0.024074
1 0.715820 0.323148 0.011719 0.024074
