1 0.064941 0.750000 0.083008 0.096296
1 0.150879 0.500000 0.055664 0.037037
1 0.061523 0.431481 0.042969 0.037037
1 0.361816 0.395370 0.032227 0.031481
1 0.407227 0.415741 0.039062 0.031481
1 0.454590 0.450926 0.038086 0.035185
1 0.506348 0.475926 0.028320 0.037037
1 0.551270 0.464815 0.028320 0.048148
1 0.600098 0.405556 0.022461 0.037037
1 0.547363 0.559259 0.028320 0.055556
1 0.515625 0.643519 0.042969 0.061111
1 0.763672 0.831481 0.039062 0.085185
1 0.804688 0.724074 0.058594 0.062963
1 0.833496 0.584259 0.053711 0.050000
1 0.918945 0.625926 0.058594 0.055556
1 0.967285 0.721296 0.065430 0.072222
1 0.666016 0.425926 0.019531 0.037037
1 0.690430 0.401852 0.019531 0.033333
1 0.766602 0.415741 0.023438 0.035185
1 0.830566 0.436111 0.018555 0.035185
1 0.833984 0.409259 0.015625 0.029630
1 0.691406 0.293519 0.013672 0.024074
1 0.724121 0.330556 0.014648 0.027778
1 0.757812 0.322222 0.015625 0.022222
