1 0.150391 0.089815 0.066406 0.094444
0 0.212402 0.892593 0.094727 0.214815
1 0.240234 0.618519 0.029297 0.122222
1 0.428711 0.794444 0.041016 0.111111
3 0.396973 0.846296 0.022461 0.055556
1 0.470703 0.640741 0.039062 0.111111
1 0.375488 0.368519 0.038086 0.103704
1 0.245117 0.115741 0.060547 0.094444
1 0.229492 0.183333 0.058594 0.085185
2 0.491699 0.120370 0.065430 0.170370
1 0.525879 0.358333 0.036133 0.124074
1 0.492676 0.475926 0.040039 0.107407
1 0.585449 0.395370 0.040039 0.116667
1 0.818359 0.607407 0.056641 0.088889
1 0.901855 0.173148 0.043945 0.101852
