1 0.154785 0.763889 0.071289 0.090741
1 0.279785 0.807407 0.067383 0.092593
1 0.493164 0.773148 0.046875 0.079630
1 0.481445 0.525926 0.031250 0.055556
1 0.538086 0.461111 0.033203 0.033333
1 0.551270 0.525926 0.036133 0.040741
1 0.561523 0.495370 0.033203 0.038889
1 0.590332 0.417593 0.018555 0.031481
1 0.649902 0.312963 0.012695 0.022222
1 0.694336 0.332407 0.011719 0.020370
1 0.686035 0.355556 0.012695 0.025926
1 0.664551 0.387037 0.014648 0.025926
1 0.699707 0.391667 0.016602 0.027778
1 0.745605 0.406481 0.022461 0.031481
1 0.803223 0.420370 0.014648 0.025926
1 0.645996 0.474074 0.020508 0.037037
1 0.666992 0.503704 0.021484 0.037037
1 0.570312 0.581481 0.027344 0.048148
1 0.611816 0.579630 0.028320 0.051852
1 0.534180 0.664815 0.035156 0.059259
1 0.580566 0.650926 0.034180 0.064815
1 0.749512 0.664815 0.045898 0.051852
1 0.825195 0.551852 0.048828 0.044444
1 0.818848 0.673148 0.051758 0.050000
1 0.903809 0.583333 0.051758 0.044444
1 0.970703 0.606481 0.056641 0.050000
1 0.797852 0.764815 0.031250 0.070370
1 0.802246 0.397222 0.012695 0.024074
1 0.713867 0.325926 0.011719 0.022222
1 0.726562 0.345370 0.011719 0.024074
1 0.810059 0.938889 0.045898 0.122222
