0 0.337891 0.443519 0.115234 0.331481
1 0.387695 0.633333 0.052734 0.133333
1 0.090332 0.104630 0.079102 0.101852
1 0.183594 0.198148 0.068359 0.096296
1 0.201660 0.125000 0.071289 0.101852
1 0.201660 0.714815 0.036133 0.140741
1 0.468750 0.744444 0.044922 0.129630
1 0.413574 0.948148 0.047852 0.103704
1 0.884766 0.635185 0.070312 0.103704
1 0.962402 0.120370 0.047852 0.118519
1 0.501953 0.201852 0.050781 0.129630
1 0.575195 0.228704 0.041016 0.127778
1 0.530762 0.375000 0.041992 0.146296
1 0.493164 0.513889 0.044922 0.124074
