1 0.668457 0.583333 0.018555 0.044444
1 0.644043 0.532407 0.018555 0.038889
1 0.441895 0.538889 0.024414 0.040741
1 0.489746 0.487963 0.018555 0.035185
1 0.773926 0.500926 0.020508 0.031481
1 0.791992 0.551852 0.025391 0.044444
1 0.625488 0.491667 0.014648 0.035185
1 0.103027 0.672222 0.045898 0.037037
2 0.080566 0.833333 0.069336 0.051852
1 0.180664 0.718519 0.050781 0.044444
1 0.045410 0.655556 0.049805 0.037037
1 0.063965 0.630556 0.051758 0.038889
1 0.095215 0.608333 0.047852 0.038889
1 0.113281 0.593519 0.039062 0.031481
1 0.123535 0.647222 0.047852 0.035185
1 0.138672 0.626852 0.041016 0.035185
1 0.157715 0.610185 0.047852 0.038889
1 0.175293 0.593519 0.040039 0.027778
1 0.028809 0.576852 0.038086 0.031481
1 0.066406 0.547222 0.033203 0.035185
1 0.160645 0.443519 0.026367 0.027778
1 0.193359 0.475926 0.023438 0.033333
1 0.215820 0.473148 0.029297 0.038889
1 0.239258 0.479630 0.025391 0.037037
1 0.258789 0.479630 0.023438 0.037037
1 0.289062 0.425000 0.025391 0.027778
1 0.926758 0.445370 0.035156 0.027778
1 0.818359 0.425926 0.029297 0.022222
1 0.772949 0.417593 0.030273 0.024074
1 0.746582 0.394444 0.024414 0.022222
1 0.671387 0.373148 0.010742 0.020370
1 0.686523 0.399074 0.011719 0.024074
1 0.669922 0.458333 0.015625 0.031481
1 0.650391 0.474074 0.015625 0.029630
1 0.689941 0.464815 0.012695 0.029630
1 0.630859 0.455556 0.015625 0.033333
1 0.628906 0.425926 0.013672 0.029630
1 0.609375 0.412963 0.015625 0.029630
1 0.563477 0.424074 0.015625 0.029630
1 0.566895 0.381481 0.014648 0.025926
1 0.583008 0.391667 0.013672 0.024074
2 0.589355 0.355556 0.012695 0.037037
1 0.600586 0.381481 0.013672 0.025926
1 0.621094 0.370370 0.009766 0.025926
1 0.607910 0.358333 0.010742 0.020370
1 0.704102 0.350000 0.019531 0.022222
2 0.652832 0.426852 0.014648 0.038889
1 0.193359 0.528704 0.037109 0.031481
1 0.199707 0.421296 0.030273 0.027778
1 0.295898 0.483333 0.023438 0.037037
1 0.277344 0.483333 0.021484 0.037037
1 0.146484 0.563889 0.039062 0.035185
1 0.112793 0.802778 0.057617 0.053704
1 0.133789 0.775000 0.062500 0.046296
