1 0.135742 0.488889 0.056641 0.037037
1 0.292480 0.354630 0.028320 0.027778
1 0.318848 0.378704 0.036133 0.031481
1 0.393066 0.411111 0.040039 0.033333
1 0.464355 0.438889 0.034180 0.040741
1 0.520508 0.491667 0.033203 0.050000
1 0.545898 0.536111 0.027344 0.050000
1 0.580078 0.427778 0.025391 0.040741
1 0.517090 0.611111 0.038086 0.055556
1 0.428711 0.826852 0.062500 0.098148
1 0.744629 0.862963 0.043945 0.092593
1 0.795410 0.748148 0.061523 0.062963
1 0.837402 0.600000 0.057617 0.051852
1 0.926270 0.649074 0.061523 0.053704
1 0.777344 0.418519 0.025391 0.037037
1 0.844238 0.442593 0.018555 0.033333
1 0.850098 0.412037 0.016602 0.031481
1 0.677246 0.321296 0.018555 0.024074
1 0.698242 0.364815 0.015625 0.033333
1 0.723145 0.357407 0.018555 0.029630
1 0.055664 0.415741 0.044922 0.035185
1 0.127441 0.455556 0.051758 0.040741
1 0.034180 0.742593 0.066406 0.092593
