1 0.307617 0.892593 0.080078 0.214815
1 0.375488 0.543519 0.053711 0.124074
1 0.428223 0.695370 0.059570 0.164815
1 0.614746 0.675926 0.051758 0.144444
1 0.944336 0.334259 0.080078 0.053704
1 0.332520 0.480556 0.049805 0.105556
1 0.327148 0.379630 0.050781 0.074074
1 0.589355 0.392593 0.038086 0.085185
1 0.586426 0.243519 0.028320 0.057407
1 0.576660 0.170370 0.026367 0.048148
1 0.590332 0.122222 0.020508 0.037037
1 0.593262 0.051852 0.014648 0.033333
1 0.410156 0.120370 0.023438 0.048148
1 0.447266 0.101852 0.019531 0.040741
1 0.454590 0.187037 0.026367 0.055556
1 0.483398 0.198148 0.027344 0.059259
1 0.525879 0.224074 0.026367 0.055556
1 0.521484 0.178704 0.021484 0.042593
1 0.468262 0.101852 0.020508 0.044444
1 0.498047 0.108333 0.021484 0.042593
1 0.510254 0.031481 0.014648 0.033333
1 0.489746 0.040741 0.016602 0.033333
1 0.465820 0.025926 0.017578 0.033333
1 0.412598 0.206481 0.028320 0.053704
1 0.376953 0.178704 0.035156 0.053704
1 0.434570 0.254630 0.031250 0.064815
1 0.467773 0.347222 0.033203 0.075926
1 0.165039 0.252778 0.068359 0.050000
