1 0.232422 0.402778 0.039062 0.038889
1 0.333984 0.308333 0.037109 0.035185
1 0.352539 0.353704 0.033203 0.029630
1 0.310547 0.437963 0.041016 0.038889
1 0.351562 0.538889 0.039062 0.037037
1 0.532715 0.084259 0.018555 0.072222
1 0.442383 0.308333 0.039062 0.031481
1 0.506836 0.349074 0.041016 0.038889
1 0.502930 0.393519 0.033203 0.035185
1 0.524902 0.436111 0.034180 0.031481
1 0.596191 0.387037 0.032227 0.029630
1 0.514648 0.570370 0.037109 0.033333
1 0.564453 0.804630 0.029297 0.068519
1 0.647461 0.510185 0.039062 0.031481
1 0.699219 0.431481 0.035156 0.033333
1 0.700195 0.568519 0.041016 0.037037
1 0.751953 0.522222 0.039062 0.033333
2 0.735352 0.332407 0.044922 0.035185
0 0.857910 0.279630 0.079102 0.044444
1 0.832031 0.336111 0.039062 0.035185
1 0.849609 0.378704 0.039062 0.031481
1 0.860840 0.413889 0.043945 0.038889
1 0.946289 0.375000 0.037109 0.035185
1 0.934082 0.325000 0.038086 0.031481
1 0.921875 0.833333 0.019531 0.074074
