0 0.450684 0.780556 0.051758 0.183333
0 0.475586 0.432407 0.031250 0.087037
1 0.285645 0.494444 0.051758 0.055556
1 0.182617 0.523148 0.035156 0.035185
1 0.277832 0.378704 0.030273 0.027778
1 0.283691 0.305556 0.026367 0.022222
1 0.344727 0.375000 0.029297 0.024074
1 0.723145 0.779630 0.028320 0.070370
1 0.719238 0.642593 0.022461 0.055556
1 0.690430 0.586111 0.023438 0.053704
1 0.610352 0.533333 0.017578 0.037037
1 0.634766 0.544444 0.017578 0.044444
1 0.650391 0.495370 0.017578 0.038889
1 0.671875 0.487037 0.017578 0.040741
1 0.600098 0.384259 0.014648 0.038889
0 0.624023 0.441667 0.023438 0.079630
1 0.769043 0.502778 0.034180 0.027778
1 0.654297 0.338889 0.011719 0.022222
0 0.638184 0.239815 0.010742 0.027778
1 0.623047 0.270370 0.009766 0.022222
1 0.601074 0.230556 0.010742 0.016667
1 0.350098 0.356481 0.030273 0.027778
