0 0.474121 0.498148 0.024414 0.092593
0 0.618652 0.646296 0.028320 0.107407
1 0.630371 0.576852 0.016602 0.042593
1 0.674805 0.685185 0.019531 0.051852
1 0.554199 0.631481 0.016602 0.055556
1 0.436035 0.791667 0.024414 0.075926
1 0.303223 0.659259 0.045898 0.044444
1 0.548340 0.255556 0.010742 0.022222
1 0.547363 0.298148 0.008789 0.022222
1 0.559570 0.325926 0.011719 0.025926
1 0.489258 0.444444 0.015625 0.033333
1 0.555664 0.219444 0.017578 0.016667
1 0.267090 0.727778 0.040039 0.040741
1 0.527832 0.712963 0.022461 0.062963
1 0.618652 0.295370 0.008789 0.020370
1 0.603027 0.282407 0.010742 0.020370
1 0.631348 0.299074 0.008789 0.024074
1 0.623535 0.250926 0.008789 0.016667
1 0.584961 0.215741 0.009766 0.024074
1 0.596680 0.233333 0.007812 0.014815
1 0.166504 0.611111 0.043945 0.040741
1 0.438477 0.324074 0.021484 0.022222
1 0.700684 0.356481 0.024414 0.020370
