1 0.455078 0.207407 0.011719 0.040741
1 0.491699 0.185185 0.014648 0.037037
1 0.523438 0.137963 0.011719 0.027778
1 0.494629 0.082407 0.012695 0.031481
1 0.544434 0.078704 0.012695 0.024074
1 0.597656 0.135185 0.023438 0.022222
1 0.515137 0.165741 0.014648 0.031481
1 0.513184 0.224074 0.014648 0.029630
1 0.553711 0.225926 0.013672 0.033333
1 0.528809 0.299074 0.018555 0.038889
1 0.513672 0.368519 0.017578 0.048148
1 0.531738 0.481481 0.020508 0.055556
1 0.499512 0.546296 0.024414 0.059259
1 0.438477 0.573148 0.025391 0.075926
1 0.512207 0.782407 0.030273 0.098148
1 0.379395 0.847222 0.034180 0.112963
1 0.597656 0.799074 0.033203 0.101852
1 0.585449 0.583333 0.026367 0.070370
1 0.586914 0.668519 0.023438 0.070370
1 0.574219 0.450000 0.019531 0.048148
1 0.557617 0.289815 0.015625 0.042593
1 0.598145 0.169444 0.024414 0.024074
2 0.612793 0.222222 0.036133 0.040741
