1 0.380859 0.344444 0.037109 0.074074
1 0.417480 0.387963 0.038086 0.079630
1 0.473145 0.285185 0.028320 0.074074
1 0.525391 0.236111 0.031250 0.068519
1 0.620605 0.308333 0.028320 0.061111
1 0.667480 0.364815 0.036133 0.070370
1 0.720703 0.368519 0.039062 0.074074
2 0.684570 0.637037 0.060547 0.155556
1 0.615234 0.721296 0.050781 0.146296
1 0.729980 0.601852 0.057617 0.122222
1 0.796875 0.593519 0.060547 0.116667
1 0.944336 0.358333 0.080078 0.053704
2 0.368652 0.245370 0.047852 0.109259
1 0.412109 0.236111 0.031250 0.053704
1 0.487793 0.203704 0.024414 0.070370
0 0.456055 0.177778 0.041016 0.114815
1 0.391602 0.169444 0.029297 0.050000
1 0.500000 0.135185 0.019531 0.044444
1 0.527344 0.137963 0.021484 0.042593
1 0.506836 0.068519 0.021484 0.033333
