0 0.604980 0.619444 0.028320 0.105556
1 0.517090 0.663889 0.020508 0.064815
1 0.502441 0.935185 0.024414 0.092593
1 0.631348 0.699074 0.020508 0.053704
1 0.683105 0.804630 0.024414 0.064815
1 0.416992 0.649074 0.025391 0.057407
1 0.474121 0.509259 0.020508 0.048148
1 0.545410 0.512037 0.020508 0.053704
1 0.515625 0.403704 0.015625 0.040741
1 0.378906 0.402778 0.025391 0.031481
1 0.490234 0.345370 0.013672 0.031481
1 0.596680 0.293519 0.009766 0.024074
1 0.613770 0.314815 0.010742 0.025926
1 0.618652 0.278704 0.008789 0.020370
1 0.579590 0.223148 0.010742 0.020370
1 0.591797 0.236111 0.009766 0.020370
1 0.589844 0.201852 0.009766 0.018519
1 0.613281 0.225000 0.007812 0.016667
1 0.599121 0.208333 0.008789 0.016667
1 0.551270 0.274074 0.010742 0.022222
0 0.497559 0.274074 0.012695 0.044444
1 0.509766 0.253704 0.009766 0.025926
