0 0.605469 0.580556 0.029297 0.105556
1 0.516113 0.800000 0.026367 0.092593
1 0.522949 0.519444 0.018555 0.050000
1 0.254883 0.488889 0.033203 0.033333
1 0.326172 0.516667 0.039062 0.029630
1 0.580566 0.347222 0.010742 0.027778
1 0.493164 0.247222 0.011719 0.027778
1 0.525879 0.258333 0.010742 0.020370
1 0.538086 0.250000 0.009766 0.022222
1 0.551270 0.243519 0.008789 0.020370
1 0.578613 0.256481 0.010742 0.027778
1 0.583984 0.291667 0.009766 0.024074
1 0.597168 0.321296 0.010742 0.020370
1 0.613281 0.257407 0.009766 0.018519
1 0.599609 0.234259 0.007812 0.020370
1 0.586914 0.208333 0.009766 0.016667
2 0.811035 0.659259 0.028320 0.074074
2 0.892090 0.666667 0.036133 0.081481
1 0.737305 0.578704 0.039062 0.035185
1 0.037598 0.448148 0.036133 0.033333
1 0.126465 0.467593 0.034180 0.027778
0 0.173828 0.960185 0.160156 0.079630
