1 0.626953 0.837037 0.062500 0.192593
1 0.439453 0.602778 0.048828 0.146296
1 0.263672 0.752778 0.068359 0.161111
1 0.209961 0.670370 0.085938 0.159259
1 0.378418 0.320370 0.040039 0.074074
1 0.404785 0.380556 0.040039 0.094444
1 0.308105 0.225000 0.053711 0.053704
1 0.382812 0.172222 0.037109 0.059259
1 0.432129 0.158333 0.024414 0.050000
1 0.441406 0.260185 0.031250 0.064815
1 0.468750 0.318519 0.033203 0.081481
1 0.527344 0.225000 0.029297 0.057407
1 0.579590 0.246296 0.030273 0.055556
1 0.602539 0.447222 0.037109 0.098148
1 0.563965 0.070370 0.016602 0.033333
1 0.582031 0.056481 0.017578 0.031481
1 0.574707 0.152778 0.022461 0.046296
1 0.455566 0.059259 0.020508 0.037037
1 0.481934 0.079630 0.018555 0.037037
1 0.504883 0.068519 0.017578 0.040741
1 0.491211 0.161111 0.023438 0.048148
1 0.524902 0.181481 0.022461 0.040741
1 0.458496 0.166667 0.024414 0.055556
1 0.946777 0.342593 0.077148 0.051852
