1 0.396973 0.641667 0.024414 0.083333
1 0.432129 0.553704 0.022461 0.070370
1 0.511230 0.649074 0.024414 0.072222
1 0.581055 0.698148 0.029297 0.074074
1 0.473145 0.074074 0.012695 0.033333
1 0.537109 0.161111 0.017578 0.037037
1 0.512207 0.213889 0.016602 0.038889
1 0.509277 0.362037 0.018555 0.042593
1 0.537109 0.353704 0.019531 0.048148
1 0.526855 0.468519 0.024414 0.059259
1 0.141602 0.434259 0.035156 0.038889
1 0.069824 0.715741 0.053711 0.053704
1 0.134277 0.468519 0.045898 0.037037
1 0.155273 0.379630 0.035156 0.040741
1 0.166504 0.333333 0.032227 0.044444
