1 0.301270 0.347222 0.045898 0.046296
1 0.405273 0.379630 0.042969 0.048148
1 0.468750 0.435185 0.044922 0.062963
1 0.551270 0.328704 0.040039 0.050000
1 0.054199 0.354630 0.057617 0.042593
1 0.140137 0.358333 0.051758 0.042593
1 0.049805 0.400926 0.058594 0.046296
1 0.797852 0.737963 0.070312 0.112963
1 0.652832 0.364815 0.057617 0.048148
1 0.881348 0.366667 0.057617 0.033333
1 0.843262 0.326852 0.049805 0.035185
1 0.770020 0.335185 0.049805 0.033333
1 0.498535 0.276852 0.028320 0.046296
1 0.413574 0.262963 0.020508 0.040741
1 0.442383 0.217593 0.019531 0.031481
1 0.428711 0.178704 0.015625 0.027778
