1 0.916504 0.920370 0.067383 0.051852
0 0.596191 0.317593 0.030273 0.050000
0 0.712891 0.295370 0.046875 0.027778
0 0.630859 0.393519 0.019531 0.061111
1 0.607910 0.435185 0.012695 0.022222
1 0.522461 0.383333 0.013672 0.025926
1 0.622070 0.284259 0.007812 0.020370
1 0.291504 0.892593 0.036133 0.074074
1 0.326172 0.897222 0.037109 0.087037
1 0.354492 0.911111 0.035156 0.077778
1 0.386719 0.917593 0.027344 0.083333
1 0.383301 0.825000 0.036133 0.079630
1 0.414062 0.835185 0.031250 0.074074
1 0.373535 0.771296 0.032227 0.061111
1 0.407715 0.765741 0.026367 0.061111
1 0.437500 0.756481 0.027344 0.061111
1 0.410645 0.669444 0.024414 0.050000
1 0.430664 0.704630 0.023438 0.046296
1 0.455078 0.703704 0.023438 0.051852
1 0.449219 0.646296 0.023438 0.048148
1 0.470703 0.652778 0.019531 0.046296
1 0.466309 0.590741 0.020508 0.044444
1 0.508301 0.595370 0.020508 0.042593
0 0.593750 0.275926 0.013672 0.033333
1 0.579590 0.240741 0.008789 0.018519
1 0.602051 0.233333 0.006836 0.014815
1 0.650879 0.225926 0.006836 0.014815
1 0.649902 0.243519 0.008789 0.012963
