0 0.793457 0.750926 0.084961 0.261111
1 0.736816 0.737963 0.038086 0.105556
1 0.590332 0.786111 0.034180 0.094444
1 0.670898 0.844444 0.035156 0.096296
1 0.398438 0.542593 0.027344 0.081481
1 0.458008 0.486111 0.027344 0.075926
1 0.436035 0.250926 0.020508 0.053704
1 0.548828 0.287963 0.019531 0.046296
1 0.531250 0.380556 0.021484 0.057407
1 0.529297 0.523148 0.023438 0.061111
1 0.620117 0.457407 0.025391 0.062963
1 0.577148 0.342593 0.021484 0.051852
1 0.612305 0.230556 0.019531 0.046296
1 0.614746 0.155556 0.026367 0.037037
0 0.465820 0.046296 0.021484 0.085185
1 0.537598 0.059259 0.012695 0.029630
1 0.673340 0.139815 0.034180 0.027778
1 0.104980 0.529630 0.057617 0.062963
1 0.171387 0.324074 0.040039 0.033333
1 0.151367 0.377778 0.041016 0.044444
1 0.830566 0.119444 0.036133 0.035185
1 0.901367 0.155556 0.033203 0.029630
1 0.870117 0.122222 0.033203 0.033333
