0 0.590820 0.408333 0.046875 0.050000
0 0.661621 0.440741 0.041992 0.059259
0 0.715332 0.368519 0.055664 0.033333
1 0.770996 0.473148 0.014648 0.031481
1 0.673340 0.474074 0.010742 0.025926
1 0.434082 0.891667 0.026367 0.075926
1 0.405273 0.815741 0.027344 0.061111
1 0.479492 0.831481 0.023438 0.070370
1 0.456055 0.769444 0.021484 0.061111
1 0.439453 0.710185 0.023438 0.053704
1 0.500977 0.621296 0.015625 0.046296
1 0.532715 0.598148 0.018555 0.048148
1 0.475586 0.523148 0.017578 0.042593
1 0.523438 0.365741 0.009766 0.024074
1 0.572754 0.333333 0.008789 0.022222
1 0.616699 0.394444 0.014648 0.018519
1 0.615234 0.356481 0.009766 0.016667
1 0.527832 0.314815 0.010742 0.022222
1 0.400391 0.376852 0.019531 0.016667
1 0.558105 0.278704 0.006836 0.016667
1 0.575195 0.278704 0.007812 0.020370
