2 0.444824 0.652778 0.032227 0.142593
1 0.205078 0.821296 0.066406 0.061111
2 0.233398 0.677778 0.062500 0.070370
1 0.243652 0.632407 0.051758 0.038889
1 0.301758 0.320370 0.037109 0.033333
1 0.327637 0.206481 0.034180 0.027778
1 0.573242 0.133333 0.015625 0.040741
1 0.458008 0.369444 0.019531 0.057407
1 0.411133 0.613889 0.023438 0.079630
1 0.546387 0.253704 0.016602 0.048148
1 0.574219 0.348148 0.019531 0.048148
1 0.604492 0.360185 0.021484 0.050000
1 0.563477 0.610185 0.021484 0.072222
1 0.629395 0.568519 0.024414 0.074074
1 0.620605 0.766667 0.028320 0.088889
1 0.963379 0.867593 0.063477 0.068519
1 0.930664 0.553704 0.035156 0.074074
