0 0.707520 0.461111 0.053711 0.181481
1 0.564941 0.813889 0.032227 0.101852
1 0.372559 0.898148 0.036133 0.137037
1 0.625488 0.739815 0.028320 0.094444
1 0.903809 0.973148 0.084961 0.053704
1 0.885742 0.909259 0.072266 0.062963
1 0.874023 0.850926 0.076172 0.050000
1 0.864258 0.796296 0.070312 0.059259
1 0.879395 0.740741 0.065430 0.051852
1 0.843262 0.628704 0.057617 0.046296
1 0.681152 0.613889 0.030273 0.075926
1 0.509277 0.528704 0.022461 0.068519
1 0.530762 0.290741 0.018555 0.051852
1 0.560059 0.349074 0.022461 0.053704
1 0.525391 0.430556 0.025391 0.072222
1 0.599609 0.423148 0.023438 0.057407
1 0.665527 0.461111 0.028320 0.070370
1 0.364746 0.505556 0.026367 0.081481
1 0.416016 0.184259 0.017578 0.046296
1 0.448242 0.145370 0.021484 0.050000
1 0.518555 0.035185 0.015625 0.029630
1 0.563965 0.079630 0.016602 0.037037
1 0.578125 0.112963 0.013672 0.033333
1 0.085449 0.845370 0.063477 0.053704
1 0.059082 0.593519 0.059570 0.072222
1 0.149414 0.325926 0.044922 0.037037
