0 0.588867 0.545370 0.029297 0.098148
0 0.359863 0.408333 0.075195 0.053704
1 0.268555 0.759259 0.066406 0.059259
1 0.166992 0.655556 0.054688 0.048148
1 0.291992 0.673148 0.054688 0.042593
1 0.679688 0.870370 0.031250 0.081481
2 0.859863 0.862037 0.067383 0.072222
1 0.563965 0.421296 0.012695 0.035185
1 0.562012 0.324074 0.010742 0.022222
1 0.589355 0.339815 0.010742 0.024074
1 0.586426 0.286111 0.010742 0.020370
1 0.567383 0.268519 0.011719 0.029630
1 0.602539 0.260185 0.009766 0.024074
1 0.528809 0.225000 0.008789 0.020370
1 0.497559 0.161111 0.008789 0.022222
1 0.532227 0.155556 0.007812 0.018519
1 0.530762 0.193519 0.010742 0.020370
1 0.563965 0.168519 0.008789 0.018519
1 0.575684 0.212963 0.006836 0.014815
1 0.875000 0.590741 0.035156 0.033333
