0 0.890137 0.784259 0.151367 0.101852
0 0.744141 0.895370 0.068359 0.209259
1 0.601562 0.737963 0.023438 0.064815
1 0.464844 0.835185 0.029297 0.092593
1 0.468262 0.601852 0.020508 0.059259
0 0.602539 0.462963 0.021484 0.081481
1 0.579590 0.502778 0.016602 0.057407
1 0.608887 0.549074 0.018555 0.046296
1 0.622070 0.662037 0.021484 0.057407
1 0.648438 0.649074 0.019531 0.053704
1 0.665039 0.612037 0.019531 0.046296
1 0.652344 0.538889 0.019531 0.040741
1 0.641602 0.447222 0.015625 0.035185
0 0.496094 0.243519 0.017578 0.046296
0 0.515625 0.235185 0.013672 0.040741
1 0.628906 0.306481 0.009766 0.020370
1 0.578125 0.281481 0.009766 0.018519
1 0.616699 0.278704 0.010742 0.024074
2 0.209961 0.878704 0.083984 0.087037
1 0.074219 0.854630 0.054688 0.064815
2 0.217285 0.589815 0.047852 0.050000
1 0.231445 0.816667 0.056641 0.044444
1 0.313965 0.588889 0.040039 0.037037
1 0.324219 0.436111 0.023438 0.031481
1 0.362793 0.420370 0.034180 0.029630
