1 0.216309 0.945370 0.065430 0.053704
1 0.227051 0.898148 0.079102 0.059259
1 0.246094 0.855556 0.068359 0.055556
1 0.200684 0.799074 0.063477 0.064815
1 0.255371 0.757407 0.055664 0.048148
1 0.271484 0.624074 0.021484 0.059259
1 0.283203 0.677778 0.042969 0.040741
1 0.316406 0.588889 0.046875 0.040741
0 0.778320 0.858333 0.072266 0.209259
1 0.684570 0.657407 0.023438 0.051852
1 0.610352 0.587037 0.019531 0.044444
1 0.633301 0.562037 0.018555 0.042593
1 0.686035 0.590741 0.022461 0.048148
1 0.770508 0.586111 0.042969 0.046296
1 0.815430 0.587037 0.042969 0.040741
1 0.671875 0.515741 0.021484 0.042593
1 0.637207 0.489815 0.016602 0.038889
0 0.618652 0.424074 0.022461 0.074074
1 0.597168 0.412037 0.014648 0.042593
1 0.659180 0.438889 0.017578 0.037037
0 0.510742 0.350926 0.021484 0.064815
0 0.495117 0.298148 0.019531 0.059259
1 0.623535 0.267593 0.010742 0.024074
1 0.641113 0.291667 0.010742 0.024074
