1 0.731445 0.908333 0.078125 0.098148
1 0.711426 0.823148 0.067383 0.079630
1 0.710449 0.711111 0.055664 0.070370
1 0.673340 0.585185 0.045898 0.066667
1 0.559082 0.846296 0.034180 0.103704
1 0.517578 0.822222 0.029297 0.103704
1 0.445801 0.779630 0.028320 0.088889
1 0.390625 0.888889 0.033203 0.122222
1 0.524902 0.574074 0.022461 0.066667
1 0.560547 0.559259 0.025391 0.062963
1 0.581055 0.462037 0.019531 0.057407
1 0.493164 0.481481 0.019531 0.070370
1 0.444336 0.399074 0.017578 0.042593
1 0.449219 0.354630 0.019531 0.042593
1 0.525879 0.350926 0.014648 0.042593
1 0.569824 0.310185 0.014648 0.035185
1 0.500488 0.268519 0.016602 0.040741
1 0.527832 0.268519 0.012695 0.029630
1 0.540039 0.207407 0.013672 0.029630
1 0.613770 0.244444 0.030273 0.029630
2 0.651367 0.430556 0.054688 0.046296
1 0.504395 0.111111 0.012695 0.025926
1 0.471680 0.146296 0.011719 0.025926
