1 0.368164 0.929630 0.033203 0.077778
1 0.391602 0.968519 0.033203 0.062963
1 0.431152 0.965741 0.034180 0.068519
1 0.419434 0.888889 0.030273 0.081481
1 0.448730 0.889815 0.028320 0.079630
1 0.440430 0.796296 0.027344 0.070370
1 0.466309 0.803704 0.024414 0.062963
1 0.428223 0.706481 0.026367 0.057407
1 0.457520 0.712963 0.024414 0.055556
1 0.479980 0.425926 0.014648 0.025926
1 0.514160 0.427778 0.014648 0.025926
1 0.531738 0.429630 0.012695 0.029630
1 0.527344 0.379630 0.013672 0.025926
0 0.635254 0.402778 0.022461 0.057407
0 0.709473 0.328704 0.051758 0.031481
1 0.619629 0.394444 0.010742 0.018519
1 0.661621 0.412037 0.010742 0.020370
1 0.526855 0.334259 0.010742 0.020370
1 0.540039 0.309259 0.009766 0.022222
1 0.552246 0.328704 0.010742 0.020370
1 0.559570 0.343519 0.011719 0.024074
1 0.588379 0.353704 0.016602 0.022222
0 0.575684 0.325926 0.016602 0.040741
