0 0.195801 0.650926 0.071289 0.068519
0 0.448242 0.547222 0.035156 0.124074
0 0.618652 0.450926 0.024414 0.075926
0 0.642578 0.275000 0.015625 0.035185
1 0.052246 0.703704 0.049805 0.048148
1 0.209961 0.473148 0.035156 0.027778
1 0.290039 0.470370 0.039062 0.033333
1 0.298828 0.441667 0.037109 0.035185
1 0.229492 0.368519 0.033203 0.029630
1 0.734375 0.845370 0.029297 0.068519
1 0.600586 0.515741 0.017578 0.038889
1 0.595215 0.373148 0.012695 0.038889
1 0.662598 0.390741 0.010742 0.029630
1 0.642578 0.502778 0.019531 0.038889
1 0.625488 0.550926 0.016602 0.046296
1 0.667969 0.520370 0.019531 0.040741
1 0.693359 0.640741 0.023438 0.048148
1 0.722656 0.655556 0.023438 0.051852
1 0.812012 0.645370 0.045898 0.035185
1 0.617676 0.269444 0.010742 0.020370
1 0.535645 0.237963 0.010742 0.020370
1 0.594238 0.226852 0.008789 0.016667
1 0.588379 0.196296 0.008789 0.014815
