1 0.140137 0.482407 0.038086 0.035185
1 0.167969 0.435185 0.041016 0.037037
1 0.453613 0.472222 0.043945 0.037037
1 0.362793 0.523148 0.040039 0.042593
1 0.478516 0.425000 0.039062 0.038889
1 0.962891 0.724074 0.021484 0.077778
1 0.755371 0.191667 0.038086 0.038889
1 0.770020 0.233333 0.032227 0.029630
1 0.741211 0.273148 0.039062 0.035185
1 0.769043 0.314815 0.040039 0.040741
1 0.831055 0.280556 0.035156 0.031481
1 0.832520 0.230556 0.040039 0.035185
1 0.885742 0.276852 0.035156 0.031481
1 0.937012 0.225926 0.034180 0.029630
1 0.861816 0.319444 0.036133 0.031481
