1 0.644531 0.461111 0.039062 0.088889
1 0.703125 0.513889 0.048828 0.094444
1 0.768066 0.535185 0.053711 0.111111
2 0.730957 0.897222 0.084961 0.205556
1 0.790039 0.873148 0.080078 0.190741
1 0.872559 0.842593 0.086914 0.170370
1 0.942383 0.360185 0.074219 0.057407
1 0.403809 0.273148 0.032227 0.053704
1 0.437500 0.287963 0.031250 0.068519
1 0.478516 0.238889 0.029297 0.062963
1 0.524414 0.238889 0.029297 0.059259
1 0.491211 0.173148 0.019531 0.057407
1 0.419922 0.200926 0.027344 0.050000
2 0.375977 0.215741 0.041016 0.094444
0 0.458984 0.159259 0.041016 0.103704
1 0.528809 0.104630 0.016602 0.035185
1 0.499512 0.118519 0.020508 0.040741
1 0.400879 0.158333 0.026367 0.042593
0 0.432129 0.127778 0.028320 0.096296
1 0.477051 0.091667 0.016602 0.035185
