1 0.625488 0.780556 0.032227 0.101852
1 0.717773 0.706481 0.037109 0.090741
0 0.484863 0.849074 0.045898 0.301852
1 0.272461 0.484259 0.048828 0.042593
2 0.460938 0.222222 0.017578 0.077778
1 0.425781 0.432407 0.021484 0.075926
1 0.546875 0.307407 0.017578 0.051852
1 0.568359 0.111111 0.015625 0.033333
1 0.575195 0.328704 0.019531 0.050000
1 0.605469 0.362037 0.021484 0.053704
1 0.561523 0.586111 0.025391 0.072222
1 0.637207 0.551852 0.028320 0.070370
1 0.464844 0.099074 0.013672 0.031481
1 0.437012 0.208333 0.014648 0.050000
1 0.841797 0.318519 0.023438 0.051852
1 0.822266 0.512037 0.042969 0.053704
1 0.895996 0.512037 0.049805 0.053704
