0 0.498535 0.484259 0.036133 0.105556
0 0.816895 0.919444 0.079102 0.161111
0 0.493652 0.351852 0.024414 0.077778
0 0.626953 0.431481 0.025391 0.070370
1 0.603516 0.400000 0.015625 0.040741
1 0.616211 0.556481 0.019531 0.038889
1 0.639648 0.549074 0.019531 0.046296
1 0.652344 0.492593 0.017578 0.040741
1 0.671875 0.462037 0.019531 0.038889
1 0.686523 0.550000 0.019531 0.040741
1 0.704590 0.616667 0.020508 0.048148
1 0.709473 0.713889 0.024414 0.053704
1 0.839355 0.770370 0.055664 0.059259
1 0.897461 0.774074 0.050781 0.048148
1 0.942871 0.717593 0.040039 0.061111
1 0.196289 0.954630 0.056641 0.064815
1 0.190430 0.875000 0.041016 0.087037
0 0.338867 0.389815 0.041016 0.042593
1 0.627930 0.268519 0.011719 0.022222
1 0.649902 0.306481 0.012695 0.020370
