1 0.031738 0.945370 0.057617 0.075926
1 0.086426 0.865741 0.032227 0.072222
1 0.130371 0.755556 0.045898 0.051852
2 0.250488 0.779630 0.077148 0.077778
1 0.229004 0.831481 0.057617 0.059259
1 0.195312 0.908333 0.062500 0.064815
1 0.170410 0.968519 0.067383 0.062963
1 0.270020 0.730556 0.053711 0.038889
2 0.247559 0.538889 0.049805 0.048148
1 0.541992 0.844444 0.027344 0.088889
1 0.503906 0.570370 0.019531 0.048148
1 0.500488 0.431481 0.016602 0.040741
2 0.611816 0.528704 0.026367 0.094444
1 0.586914 0.605556 0.023438 0.066667
1 0.616211 0.641667 0.021484 0.057407
1 0.640625 0.768519 0.025391 0.074074
1 0.624512 0.909259 0.032227 0.088889
1 0.656250 0.706481 0.021484 0.053704
1 0.678223 0.680556 0.022461 0.057407
0 0.867676 0.712037 0.135742 0.087037
1 0.663574 0.597222 0.022461 0.046296
1 0.652832 0.495370 0.016602 0.038889
1 0.585449 0.326852 0.012695 0.024074
1 0.636719 0.334259 0.011719 0.024074
0 0.504395 0.232407 0.016602 0.042593
0 0.522949 0.214815 0.014648 0.040741
