1 0.248535 0.500926 0.041992 0.038889
1 0.347656 0.516667 0.039062 0.033333
1 0.333496 0.566667 0.047852 0.037037
0 0.592285 0.538889 0.026367 0.088889
1 0.677734 0.800926 0.029297 0.068519
1 0.565430 0.460185 0.013672 0.035185
1 0.428711 0.634259 0.019531 0.068519
1 0.482422 0.239815 0.015625 0.024074
1 0.560547 0.349074 0.011719 0.024074
1 0.588867 0.350926 0.013672 0.027778
1 0.566895 0.277778 0.008789 0.029630
1 0.583496 0.308333 0.010742 0.024074
1 0.602051 0.258333 0.008789 0.020370
1 0.574707 0.215741 0.008789 0.016667
1 0.565918 0.174074 0.008789 0.014815
1 0.817383 0.464815 0.029297 0.025926
1 0.794922 0.371296 0.017578 0.031481
1 0.869141 0.637963 0.027344 0.053704
1 0.923828 0.732407 0.029297 0.046296
1 0.942871 0.778704 0.040039 0.053704
1 0.901367 0.604630 0.035156 0.038889
1 0.869629 0.548148 0.036133 0.029630
