0 0.619629 0.346296 0.047852 0.044444
0 0.639648 0.392593 0.019531 0.055556
0 0.717773 0.316667 0.048828 0.029630
1 0.622559 0.390741 0.012695 0.022222
1 0.459473 0.637037 0.022461 0.044444
1 0.469238 0.541667 0.018555 0.038889
1 0.439941 0.704630 0.024414 0.057407
1 0.462891 0.710185 0.023438 0.046296
1 0.416504 0.773148 0.026367 0.057407
1 0.444336 0.771296 0.027344 0.061111
1 0.426270 0.831481 0.030273 0.070370
1 0.392090 0.842593 0.030273 0.070370
1 0.373047 0.801852 0.027344 0.062963
1 0.345703 0.875926 0.035156 0.074074
1 0.363770 0.915741 0.040039 0.098148
1 0.397461 0.921296 0.035156 0.083333
0 0.590332 0.307407 0.014648 0.037037
1 0.553223 0.327778 0.010742 0.018519
1 0.565430 0.331481 0.011719 0.018519
1 0.565430 0.297222 0.009766 0.016667
