1 0.059570 0.363889 0.041016 0.038889
1 0.064941 0.489815 0.041992 0.038889
1 0.109375 0.407407 0.035156 0.037037
1 0.211426 0.359259 0.038086 0.033333
1 0.294922 0.399074 0.042969 0.038889
1 0.321777 0.445370 0.034180 0.031481
1 0.306641 0.484259 0.039062 0.035185
1 0.418457 0.439815 0.034180 0.035185
0 0.670898 0.314815 0.072266 0.059259
2 0.626953 0.377778 0.048828 0.037037
1 0.643066 0.509259 0.040039 0.055556
1 0.718262 0.457407 0.040039 0.029630
1 0.702148 0.557407 0.039062 0.029630
1 0.779785 0.601852 0.036133 0.033333
1 0.748535 0.384259 0.040039 0.035185
1 0.739746 0.422222 0.036133 0.037037
1 0.858398 0.369444 0.031250 0.031481
1 0.842285 0.419444 0.036133 0.027778
1 0.563965 0.126852 0.020508 0.075926
1 0.955566 0.874074 0.024414 0.081481
