1 0.044434 0.398148 0.059570 0.040741
1 0.123047 0.401852 0.062500 0.044444
1 0.312500 0.357407 0.048828 0.040741
1 0.421387 0.387037 0.041992 0.055556
1 0.489258 0.463889 0.039062 0.057407
1 0.535156 0.309259 0.042969 0.048148
1 0.529297 0.565741 0.037109 0.072222
1 0.634766 0.353704 0.048828 0.044444
1 0.714355 0.366667 0.055664 0.040741
1 0.789062 0.345370 0.046875 0.038889
1 0.840332 0.320370 0.049805 0.037037
1 0.769531 0.328704 0.048828 0.031481
1 0.484375 0.262963 0.023438 0.040741
1 0.479492 0.225926 0.019531 0.033333
1 0.445801 0.184259 0.016602 0.027778
1 0.416016 0.234259 0.019531 0.038889
1 0.138672 0.349074 0.054688 0.042593
1 0.050293 0.350000 0.059570 0.037037
