0 0.871094 0.667593 0.126953 0.075926
0 0.634277 0.612037 0.028320 0.109259
1 0.682129 0.555556 0.020508 0.044444
1 0.695801 0.676852 0.022461 0.057407
1 0.636230 0.763889 0.024414 0.072222
1 0.607910 0.774074 0.026367 0.092593
1 0.681641 0.793519 0.025391 0.061111
1 0.710449 0.781481 0.026367 0.070370
1 0.822266 0.800000 0.033203 0.066667
1 0.566895 0.687037 0.020508 0.066667
1 0.530762 0.659259 0.022461 0.062963
1 0.450684 0.802778 0.028320 0.075926
1 0.153320 0.762037 0.029297 0.064815
1 0.189941 0.677778 0.047852 0.044444
1 0.108887 0.828704 0.047852 0.061111
1 0.252930 0.802778 0.054688 0.050000
1 0.229492 0.851852 0.056641 0.051852
1 0.280273 0.743519 0.048828 0.046296
2 0.297852 0.695370 0.068359 0.075926
2 0.291504 0.493519 0.040039 0.042593
1 0.541016 0.425926 0.017578 0.037037
1 0.536133 0.329630 0.013672 0.025926
1 0.607910 0.394444 0.014648 0.033333
1 0.662109 0.374074 0.013672 0.025926
1 0.616699 0.341667 0.010742 0.020370
1 0.634277 0.345370 0.010742 0.024074
1 0.654785 0.330556 0.010742 0.024074
1 0.674805 0.899074 0.037109 0.105556
