0 0.611328 0.588889 0.031250 0.103704
1 0.792969 0.761111 0.041016 0.044444
1 0.815430 0.892593 0.033203 0.077778
1 0.185547 0.637963 0.041016 0.035185
1 0.029785 0.605556 0.040039 0.029630
1 0.217773 0.671296 0.044922 0.035185
1 0.522461 0.363889 0.011719 0.031481
1 0.539062 0.360185 0.011719 0.031481
1 0.554688 0.355556 0.011719 0.029630
1 0.589844 0.336111 0.009766 0.027778
1 0.600098 0.312037 0.010742 0.024074
1 0.592285 0.281481 0.010742 0.022222
1 0.583984 0.252778 0.009766 0.027778
1 0.590332 0.206481 0.008789 0.016667
1 0.604980 0.222222 0.008789 0.018519
1 0.617676 0.257407 0.010742 0.022222
1 0.489746 0.290741 0.010742 0.022222
1 0.520996 0.258333 0.010742 0.020370
1 0.528809 0.232407 0.008789 0.020370
1 0.531738 0.209259 0.010742 0.022222
