0 0.602539 0.607407 0.029297 0.107407
1 0.634277 0.859259 0.024414 0.074074
1 0.495605 0.616667 0.020508 0.059259
1 0.462891 0.414815 0.015625 0.037037
1 0.494629 0.423148 0.018555 0.042593
1 0.517090 0.409259 0.014648 0.033333
1 0.534180 0.361111 0.013672 0.025926
1 0.508789 0.253704 0.009766 0.025926
1 0.535645 0.309259 0.012695 0.025926
1 0.593750 0.302778 0.013672 0.024074
1 0.603516 0.325926 0.009766 0.022222
1 0.613770 0.262963 0.008789 0.022222
1 0.591797 0.258333 0.007812 0.020370
1 0.546875 0.246296 0.011719 0.025926
1 0.579590 0.238889 0.008789 0.025926
1 0.532227 0.210185 0.009766 0.020370
