0 0.475098 0.290741 0.026367 0.140741
1 0.565430 0.305556 0.019531 0.048148
1 0.541504 0.350926 0.020508 0.057407
1 0.595215 0.357407 0.020508 0.051852
1 0.657227 0.414815 0.023438 0.055556
1 0.775879 0.288889 0.040039 0.037037
1 0.551270 0.556481 0.020508 0.064815
1 0.632812 0.504630 0.025391 0.068519
1 0.432129 0.792593 0.030273 0.122222
1 0.615234 0.787963 0.031250 0.098148
1 0.084473 0.650000 0.051758 0.059259
1 0.113281 0.563889 0.054688 0.038889
1 0.305176 0.277778 0.040039 0.029630
1 0.436035 0.132407 0.012695 0.046296
1 0.554199 0.087963 0.012695 0.031481
1 0.775391 0.158333 0.017578 0.038889
1 0.908691 0.255556 0.041992 0.040741
