0 0.201172 0.851852 0.109375 0.114815
0 0.823730 0.503704 0.098633 0.055556
0 0.651855 0.275000 0.022461 0.050000
0 0.538574 0.188889 0.014648 0.037037
1 0.547363 0.239815 0.012695 0.024074
1 0.550293 0.263889 0.010742 0.024074
1 0.578613 0.216667 0.010742 0.022222
1 0.590820 0.246296 0.011719 0.025926
1 0.662109 0.346296 0.011719 0.025926
1 0.686523 0.448148 0.015625 0.037037
1 0.636719 0.523148 0.017578 0.042593
1 0.614746 0.591667 0.016602 0.050000
1 0.570801 0.758333 0.020508 0.068519
1 0.679199 0.720370 0.020508 0.062963
1 0.633301 0.856481 0.020508 0.072222
1 0.712402 0.801852 0.026367 0.070370
1 0.753418 0.955556 0.038086 0.088889
1 0.787598 0.808333 0.032227 0.068519
1 0.782227 0.593519 0.025391 0.046296
1 0.112305 0.725926 0.048828 0.044444
1 0.188965 0.650926 0.041992 0.053704
1 0.224121 0.639815 0.028320 0.053704
1 0.243164 0.600926 0.039062 0.042593
1 0.269531 0.564815 0.025391 0.044444
1 0.288086 0.509259 0.033203 0.033333
2 0.350586 0.392593 0.035156 0.033333
1 0.335449 0.612963 0.038086 0.033333
2 0.376953 0.517593 0.052734 0.050000
1 0.441406 0.302778 0.023438 0.027778
