1 0.486816 0.684259 0.040039 0.105556
1 0.437988 0.362963 0.024414 0.059259
1 0.570801 0.361111 0.022461 0.051852
1 0.587402 0.494444 0.026367 0.070370
0 0.629395 0.263889 0.036133 0.105556
0 0.458496 0.084259 0.020508 0.050000
1 0.478027 0.150000 0.012695 0.029630
1 0.486816 0.049074 0.010742 0.024074
1 0.505371 0.085185 0.012695 0.025926
1 0.539551 0.076852 0.010742 0.024074
1 0.545410 0.055556 0.008789 0.018519
1 0.529297 0.036111 0.007812 0.020370
1 0.558105 0.073148 0.010742 0.024074
1 0.562012 0.150926 0.014648 0.031481
1 0.540527 0.192593 0.014648 0.033333
1 0.578125 0.185185 0.013672 0.033333
1 0.810059 0.362963 0.057617 0.048148
1 0.839844 0.415741 0.048828 0.053704
1 0.908691 0.374074 0.032227 0.051852
