1 0.921875 0.353704 0.052734 0.048148
1 0.839844 0.372222 0.052734 0.051852
1 0.827148 0.348148 0.052734 0.044444
1 0.786621 0.204630 0.018555 0.031481
0 0.602539 0.375926 0.048828 0.148148
1 0.636230 0.609259 0.038086 0.096296
1 0.586914 0.713889 0.039062 0.112963
1 0.674316 0.852778 0.051758 0.142593
1 0.524902 0.510185 0.028320 0.075926
1 0.560059 0.440741 0.026367 0.062963
1 0.311523 0.649074 0.046875 0.112963
1 0.094238 0.516667 0.067383 0.051852
1 0.120117 0.557407 0.064453 0.066667
1 0.481934 0.129630 0.014648 0.029630
1 0.523438 0.206481 0.013672 0.031481
1 0.551270 0.187037 0.014648 0.029630
1 0.562012 0.095370 0.010742 0.027778
1 0.922852 0.541667 0.072266 0.068519
1 0.523926 0.351852 0.024414 0.055556
