1 0.353516 0.046296 0.023438 0.088889
1 0.136230 0.637037 0.061523 0.055556
1 0.427734 0.825926 0.046875 0.100000
1 0.431641 0.668519 0.041016 0.077778
1 0.491211 0.945370 0.021484 0.101852
1 0.769043 0.867593 0.053711 0.075926
1 0.768555 0.709259 0.048828 0.062963
1 0.769531 0.962963 0.050781 0.055556
1 0.858887 0.786111 0.036133 0.098148
1 0.905273 0.759259 0.050781 0.088889
1 0.949707 0.728704 0.043945 0.087037
1 0.978027 0.708333 0.043945 0.094444
1 0.969238 0.962963 0.049805 0.062963
1 0.962891 0.894444 0.056641 0.062963
1 0.957031 0.600000 0.050781 0.059259
1 0.819824 0.249074 0.049805 0.057407
1 0.778320 0.108333 0.041016 0.087037
1 0.456543 0.956481 0.026367 0.087037
