0 0.270996 0.684259 0.112305 0.290741
0 0.726562 0.697222 0.095703 0.294444
1 0.810059 0.847222 0.055664 0.146296
1 0.416016 0.520370 0.033203 0.085185
1 0.393555 0.452778 0.031250 0.068519
1 0.470703 0.256481 0.017578 0.038889
1 0.526367 0.232407 0.017578 0.031481
1 0.553223 0.265741 0.018555 0.035185
1 0.564453 0.136111 0.011719 0.024074
1 0.580078 0.156481 0.011719 0.027778
1 0.467285 0.164815 0.014648 0.029630
1 0.491211 0.128704 0.011719 0.027778
1 0.510254 0.112037 0.012695 0.024074
1 0.496582 0.103704 0.010742 0.025926
1 0.480957 0.094444 0.010742 0.025926
1 0.058594 0.500000 0.066406 0.062963
1 0.214844 0.349074 0.037109 0.050000
2 0.156250 0.434259 0.082031 0.087037
1 0.319336 0.200000 0.031250 0.033333
1 0.876465 0.527778 0.073242 0.048148
1 0.827637 0.444444 0.063477 0.051852
1 0.905762 0.571296 0.073242 0.057407
1 0.932129 0.618519 0.073242 0.051852
1 0.767090 0.315741 0.043945 0.035185
