1 0.156250 0.636111 0.056641 0.053704
1 0.361328 0.069444 0.023438 0.094444
1 0.329590 0.042593 0.022461 0.081481
1 0.418457 0.050926 0.020508 0.094444
1 0.642578 0.271296 0.046875 0.061111
1 0.768555 0.159259 0.039062 0.085185
1 0.880859 0.057407 0.039062 0.081481
1 0.754883 0.704630 0.044922 0.057407
1 0.459473 0.948148 0.024414 0.103704
1 0.491699 0.929630 0.022461 0.100000
1 0.556641 0.953704 0.021484 0.092593
1 0.754883 0.855556 0.050781 0.070370
1 0.756348 0.943519 0.049805 0.053704
1 0.839355 0.780556 0.032227 0.090741
1 0.883789 0.752778 0.046875 0.083333
1 0.927246 0.724074 0.043945 0.088889
1 0.955078 0.707407 0.042969 0.088889
1 0.932617 0.604630 0.050781 0.057407
1 0.970215 0.588889 0.041992 0.059259
1 0.943359 0.946296 0.048828 0.062963
1 0.937500 0.886111 0.048828 0.053704
