1 0.368652 0.073148 0.020508 0.101852
1 0.424316 0.038889 0.020508 0.074074
1 0.397461 0.092593 0.019531 0.085185
1 0.336914 0.245370 0.019531 0.090741
1 0.421875 0.229630 0.023438 0.096296
1 0.368164 0.301852 0.021484 0.096296
1 0.175293 0.615741 0.051758 0.046296
1 0.458984 0.915741 0.023438 0.101852
1 0.489258 0.894444 0.021484 0.092593
1 0.549316 0.914815 0.022461 0.096296
1 0.522461 0.952778 0.021484 0.094444
1 0.736816 0.827778 0.047852 0.066667
1 0.736328 0.685185 0.042969 0.051852
1 0.735352 0.912037 0.046875 0.050000
1 0.816895 0.754630 0.032227 0.087037
1 0.858398 0.728704 0.044922 0.079630
1 0.902832 0.592593 0.043945 0.051852
1 0.761230 0.207407 0.040039 0.070370
1 0.940430 0.576852 0.039062 0.053704
1 0.898438 0.704630 0.041016 0.075926
1 0.925293 0.684259 0.041992 0.083333
1 0.985352 0.642593 0.029297 0.085185
1 0.907715 0.852778 0.041992 0.046296
1 0.915039 0.913889 0.041016 0.053704
1 0.856934 0.075000 0.038086 0.087037
1 0.901367 0.043519 0.027344 0.083333
