0 0.587891 0.239815 0.031250 0.101852
1 0.522461 0.832407 0.044922 0.146296
1 0.587891 0.820370 0.050781 0.144444
1 0.653809 0.552778 0.043945 0.079630
1 0.668945 0.896296 0.054688 0.159259
1 0.492188 0.408333 0.023438 0.061111
1 0.565918 0.426852 0.026367 0.061111
1 0.610352 0.382407 0.029297 0.057407
1 0.442383 0.131481 0.013672 0.029630
1 0.467285 0.250000 0.020508 0.044444
1 0.529297 0.183333 0.017578 0.037037
1 0.552246 0.239815 0.018555 0.042593
1 0.524414 0.276852 0.021484 0.046296
1 0.096680 0.505556 0.068359 0.055556
1 0.921875 0.538889 0.074219 0.074074
1 0.966309 0.651852 0.067383 0.077778
1 0.920898 0.350000 0.054688 0.051852
1 0.841797 0.367593 0.054688 0.046296
1 0.829102 0.340741 0.050781 0.040741
1 0.790039 0.200000 0.017578 0.033333
1 0.528320 0.092593 0.009766 0.022222
1 0.543945 0.071296 0.011719 0.024074
1 0.557617 0.041667 0.009766 0.020370
1 0.481934 0.032407 0.010742 0.024074
