1 0.147461 0.631481 0.058594 0.051852
1 0.382812 0.824074 0.035156 0.085185
1 0.493652 0.934259 0.024414 0.101852
1 0.764160 0.859259 0.051758 0.070370
1 0.764160 0.952778 0.049805 0.050000
1 0.957031 0.951852 0.048828 0.062963
1 0.948730 0.888889 0.051758 0.059259
1 0.763184 0.704630 0.047852 0.057407
1 0.850586 0.778704 0.035156 0.094444
1 0.895996 0.753704 0.047852 0.085185
1 0.939453 0.725926 0.042969 0.081481
1 0.970215 0.706481 0.043945 0.090741
1 0.946777 0.600926 0.047852 0.057407
1 0.724121 0.292593 0.047852 0.044444
1 0.774902 0.130556 0.036133 0.087037
1 0.360840 0.053704 0.022461 0.100000
1 0.418457 0.042593 0.022461 0.081481
1 0.459473 0.950926 0.024414 0.098148
