1 0.420410 0.475000 0.032227 0.075926
1 0.515625 0.428704 0.025391 0.057407
1 0.552246 0.538889 0.026367 0.074074
0 0.431152 0.182407 0.030273 0.075926
1 0.297852 0.214815 0.027344 0.033333
0 0.650391 0.360185 0.046875 0.131481
1 0.483887 0.251852 0.018555 0.040741
1 0.564941 0.225000 0.014648 0.027778
1 0.581055 0.299074 0.019531 0.042593
1 0.467285 0.147222 0.014648 0.031481
1 0.541504 0.125926 0.012695 0.025926
1 0.559570 0.104630 0.011719 0.024074
1 0.576172 0.115741 0.011719 0.024074
1 0.493652 0.092593 0.012695 0.025926
1 0.478027 0.095370 0.012695 0.024074
1 0.930176 0.588889 0.067383 0.081481
1 0.880371 0.507407 0.075195 0.070370
