0 0.355957 0.406481 0.063477 0.153704
1 0.395508 0.426852 0.031250 0.075926
1 0.414551 0.738889 0.045898 0.129630
0 0.689453 0.550000 0.070312 0.214815
1 0.753418 0.683333 0.038086 0.100000
1 0.118652 0.411111 0.059570 0.051852
1 0.246094 0.296296 0.031250 0.040741
2 0.201660 0.361111 0.067383 0.074074
1 0.437012 0.259259 0.020508 0.040741
1 0.458008 0.275000 0.021484 0.046296
1 0.522461 0.284259 0.019531 0.038889
1 0.551758 0.333333 0.021484 0.044444
1 0.485352 0.158333 0.013672 0.027778
1 0.563965 0.157407 0.014648 0.025926
1 0.579590 0.192593 0.014648 0.033333
1 0.785156 0.365741 0.056641 0.042593
1 0.844238 0.456481 0.061523 0.042593
1 0.822754 0.425000 0.061523 0.038889
1 0.478027 0.107407 0.012695 0.022222
