1 0.357910 0.765741 0.047852 0.138889
1 0.546387 0.729630 0.034180 0.114815
1 0.502441 0.537037 0.030273 0.070370
0 0.634766 0.305556 0.039062 0.114815
1 0.564941 0.281481 0.020508 0.037037
1 0.458984 0.259259 0.019531 0.040741
0 0.445312 0.126852 0.025391 0.061111
1 0.493164 0.153704 0.015625 0.033333
1 0.477539 0.089815 0.013672 0.027778
1 0.485352 0.052778 0.009766 0.020370
1 0.499023 0.046296 0.011719 0.018519
1 0.536621 0.057407 0.010742 0.022222
1 0.544434 0.043519 0.008789 0.016667
1 0.555664 0.058333 0.009766 0.020370
1 0.539062 0.152778 0.013672 0.031481
1 0.559570 0.124074 0.013672 0.025926
1 0.576172 0.145370 0.013672 0.027778
1 0.947754 0.438889 0.036133 0.062963
1 0.872070 0.487037 0.056641 0.062963
