1 0.671875 0.930556 0.056641 0.138889
1 0.246094 0.794444 0.050781 0.111111
1 0.283691 0.827778 0.055664 0.140741
1 0.366211 0.719444 0.044922 0.116667
1 0.525391 0.737037 0.037109 0.100000
1 0.584961 0.755556 0.041016 0.100000
0 0.613770 0.555556 0.057617 0.185185
1 0.414551 0.453704 0.028320 0.059259
1 0.476562 0.504630 0.033203 0.061111
1 0.518555 0.516667 0.023438 0.051852
1 0.557617 0.542593 0.029297 0.062963
1 0.524902 0.618519 0.030273 0.070370
1 0.572266 0.660185 0.031250 0.079630
1 0.636230 0.751852 0.040039 0.103704
1 0.963867 0.455556 0.062500 0.048148
1 0.836914 0.504630 0.064453 0.046296
1 0.805176 0.447222 0.051758 0.038889
1 0.759766 0.361111 0.039062 0.033333
1 0.902832 0.325926 0.036133 0.029630
1 0.907227 0.419444 0.056641 0.042593
1 0.923340 0.465741 0.049805 0.053704
1 0.196777 0.463889 0.049805 0.042593
1 0.443359 0.227778 0.013672 0.025926
1 0.558594 0.286111 0.013672 0.031481
1 0.728516 0.261111 0.015625 0.025926
