1 0.139160 0.082407 0.032227 0.050000
1 0.441895 0.020370 0.026367 0.037037
1 0.174805 0.136111 0.029297 0.050000
1 0.211426 0.188889 0.024414 0.044444
2 0.238770 0.237963 0.041992 0.079630
1 0.224609 0.414815 0.025391 0.066667
1 0.130859 0.537963 0.046875 0.061111
1 0.046387 0.608333 0.051758 0.068519
1 0.052246 0.799074 0.034180 0.090741
1 0.521973 0.696296 0.030273 0.074074
1 0.554688 0.637963 0.033203 0.090741
1 0.511719 0.551852 0.021484 0.074074
1 0.564941 0.433333 0.030273 0.062963
1 0.504395 0.325000 0.032227 0.061111
1 0.532227 0.327778 0.027344 0.051852
1 0.534668 0.267593 0.030273 0.053704
1 0.565918 0.269444 0.032227 0.061111
1 0.564453 0.214815 0.029297 0.055556
1 0.608398 0.123148 0.027344 0.053704
1 0.631348 0.143519 0.026367 0.057407
1 0.598633 0.196296 0.029297 0.055556
2 0.685547 0.030556 0.033203 0.057407
1 0.656250 0.080556 0.023438 0.053704
3 0.166504 0.051852 0.014648 0.033333
3 0.586914 0.177778 0.009766 0.029630
3 0.402832 0.367593 0.008789 0.035185
