1 0.496582 0.914815 0.053711 0.151852
1 0.771973 0.357407 0.034180 0.055556
1 0.808594 0.349074 0.033203 0.046296
1 0.134277 0.377778 0.051758 0.048148
2 0.280273 0.330556 0.066406 0.053704
2 0.432617 0.266667 0.082031 0.092593
1 0.354004 0.292593 0.045898 0.040741
3 0.149902 0.279630 0.020508 0.033333
3 0.365723 0.206481 0.010742 0.031481
3 0.431641 0.047222 0.005859 0.020370
3 0.453125 0.037037 0.007812 0.022222
1 0.413086 0.071296 0.015625 0.027778
1 0.412598 0.130556 0.018555 0.031481
1 0.454590 0.138889 0.014648 0.029630
1 0.452148 0.168519 0.015625 0.037037
1 0.482422 0.157407 0.015625 0.037037
1 0.519043 0.183333 0.018555 0.044444
1 0.501465 0.110185 0.016602 0.031481
1 0.521484 0.125000 0.013672 0.031481
1 0.557129 0.031481 0.012695 0.022222
