2 0.270508 0.327778 0.097656 0.081481
3 0.315918 0.253704 0.020508 0.037037
3 0.236816 0.265741 0.022461 0.038889
3 0.389648 0.145370 0.007812 0.027778
1 0.369141 0.230556 0.029297 0.042593
1 0.399902 0.266667 0.038086 0.048148
1 0.418945 0.294444 0.042969 0.051852
1 0.479004 0.250926 0.032227 0.042593
1 0.465820 0.214815 0.031250 0.037037
1 0.413086 0.072222 0.013672 0.025926
1 0.436523 0.051852 0.013672 0.025926
1 0.558105 0.032407 0.014648 0.024074
1 0.454590 0.139815 0.016602 0.031481
1 0.451660 0.169444 0.018555 0.035185
3 0.508789 0.022222 0.009766 0.022222
1 0.771973 0.358333 0.036133 0.053704
1 0.808594 0.350926 0.035156 0.050000
