1 0.044922 0.444444 0.037109 0.040741
2 0.208984 0.436111 0.058594 0.046296
1 0.322754 0.461111 0.040039 0.044444
1 0.208496 0.514815 0.043945 0.037037
1 0.261719 0.505556 0.044922 0.044444
1 0.240234 0.612963 0.046875 0.040741
2 0.407227 0.511111 0.044922 0.066667
2 0.477539 0.550926 0.033203 0.064815
1 0.521973 0.662037 0.032227 0.075926
1 0.474121 0.626852 0.034180 0.068519
1 0.430664 0.703704 0.039062 0.074074
1 0.497559 0.890741 0.038086 0.103704
1 0.588867 0.904630 0.035156 0.094444
1 0.482910 0.084259 0.032227 0.031481
1 0.493652 0.117593 0.032227 0.031481
1 0.571289 0.137963 0.019531 0.050000
1 0.690430 0.326852 0.039062 0.035185
2 0.712402 0.355556 0.051758 0.055556
1 0.756836 0.347222 0.033203 0.038889
1 0.816406 0.314815 0.035156 0.044444
1 0.840332 0.269444 0.034180 0.038889
1 0.873535 0.283333 0.038086 0.044444
2 0.896973 0.956481 0.057617 0.061111
1 0.854980 0.843519 0.043945 0.050000
