2 0.131348 0.390741 0.055664 0.048148
1 0.238770 0.402778 0.038086 0.035185
1 0.214355 0.471296 0.041992 0.031481
1 0.264160 0.472222 0.041992 0.037037
2 0.328613 0.431481 0.043945 0.051852
2 0.407227 0.437037 0.035156 0.051852
1 0.405762 0.499074 0.036133 0.057407
1 0.324219 0.588889 0.042969 0.044444
1 0.463379 0.511111 0.032227 0.062963
1 0.505859 0.085185 0.033203 0.029630
1 0.515137 0.118519 0.028320 0.037037
1 0.585938 0.106481 0.015625 0.042593
1 0.701660 0.353704 0.040039 0.033333
2 0.722168 0.386111 0.055664 0.050000
1 0.769043 0.382407 0.034180 0.038889
1 0.832520 0.358333 0.036133 0.038889
1 0.894531 0.335185 0.039062 0.044444
1 0.835938 0.325926 0.039062 0.040741
1 0.838379 0.901852 0.043945 0.044444
1 0.513184 0.684259 0.028320 0.079630
1 0.457031 0.870370 0.031250 0.088889
