1 0.149414 0.321296 0.033203 0.064815
2 0.450195 0.156481 0.025391 0.075926
1 0.429199 0.135185 0.024414 0.059259
1 0.459961 0.101852 0.015625 0.048148
1 0.464355 0.030556 0.016602 0.050000
3 0.518555 0.025926 0.007812 0.025926
3 0.521484 0.084259 0.009766 0.024074
1 0.279297 0.734259 0.042969 0.079630
1 0.359375 0.676852 0.037109 0.061111
1 0.319336 0.900926 0.037109 0.094444
2 0.407715 0.831481 0.049805 0.133333
1 0.441406 0.541667 0.044922 0.050000
1 0.562988 0.515741 0.040039 0.038889
3 0.619141 0.513889 0.019531 0.027778
1 0.538574 0.560185 0.043945 0.046296
1 0.626953 0.552778 0.044922 0.038889
1 0.680176 0.505556 0.043945 0.037037
1 0.790527 0.502778 0.043945 0.042593
1 0.716309 0.555556 0.049805 0.040741
1 0.791504 0.547222 0.040039 0.038889
2 0.877930 0.547222 0.064453 0.050000
1 0.812012 0.615741 0.045898 0.042593
1 0.770508 0.211111 0.019531 0.055556
1 0.887695 0.228704 0.027344 0.061111
2 0.745605 0.205556 0.022461 0.062963
