1 0.356934 0.151852 0.030273 0.044444
1 0.716797 0.085185 0.027344 0.051852
1 0.682617 0.139815 0.027344 0.050000
1 0.646484 0.200000 0.025391 0.044444
2 0.614258 0.236111 0.042969 0.072222
1 0.589355 0.222222 0.032227 0.048148
1 0.547852 0.425926 0.027344 0.066667
1 0.225586 0.552778 0.042969 0.053704
1 0.290039 0.587963 0.048828 0.050000
1 0.415527 0.578704 0.038086 0.046296
1 0.121094 0.643519 0.042969 0.061111
3 0.108398 0.689815 0.019531 0.031481
1 0.069336 0.747222 0.052734 0.061111
1 0.128906 0.928704 0.054688 0.075926
1 0.241211 0.687963 0.046875 0.064815
1 0.244629 0.810185 0.053711 0.075926
1 0.353027 0.722222 0.049805 0.059259
2 0.504883 0.643519 0.056641 0.083333
1 0.481934 0.739815 0.040039 0.061111
1 0.620605 0.791667 0.045898 0.075926
2 0.736328 0.949074 0.058594 0.090741
1 0.833496 0.538889 0.030273 0.059259
2 0.890137 0.599074 0.040039 0.075926
1 0.916504 0.633333 0.036133 0.066667
1 0.932129 0.116667 0.036133 0.040741
1 0.959961 0.040741 0.033203 0.040741
