1 0.046387 0.727778 0.032227 0.085185
1 0.181152 0.045370 0.028320 0.050000
1 0.212402 0.102778 0.028320 0.050000
1 0.241699 0.160185 0.024414 0.046296
2 0.263672 0.212037 0.035156 0.083333
1 0.214355 0.434259 0.036133 0.064815
1 0.500000 0.608333 0.019531 0.068519
1 0.539062 0.568519 0.021484 0.085185
1 0.537109 0.476852 0.035156 0.068519
1 0.638672 0.342593 0.033203 0.055556
1 0.519531 0.342593 0.033203 0.055556
1 0.547363 0.350926 0.030273 0.053704
1 0.552246 0.288889 0.032227 0.055556
1 0.584473 0.299074 0.036133 0.057407
1 0.586914 0.241667 0.029297 0.057407
3 0.397461 0.315741 0.009766 0.027778
3 0.251953 0.087963 0.011719 0.035185
3 0.612793 0.208333 0.012695 0.027778
1 0.624023 0.229630 0.029297 0.051852
1 0.633301 0.162963 0.030273 0.051852
1 0.659180 0.179630 0.031250 0.055556
1 0.690430 0.122222 0.025391 0.055556
2 0.725586 0.068519 0.037109 0.070370
1 0.752930 0.028704 0.023438 0.042593
