1 0.235352 0.207407 0.031250 0.055556
1 0.503906 0.180556 0.029297 0.053704
2 0.532715 0.178704 0.034180 0.075926
1 0.551758 0.133333 0.019531 0.044444
1 0.572754 0.064815 0.022461 0.051852
1 0.774902 0.347222 0.020508 0.057407
2 0.827637 0.375000 0.026367 0.072222
1 0.853516 0.390741 0.023438 0.062963
1 0.988281 0.476852 0.023438 0.072222
1 0.628418 0.599074 0.041992 0.053704
1 0.649902 0.677778 0.040039 0.048148
2 0.748535 0.734259 0.065430 0.072222
1 0.894531 0.812963 0.050781 0.055556
2 0.543945 0.711111 0.060547 0.066667
1 0.493652 0.537037 0.038086 0.048148
1 0.384277 0.547222 0.038086 0.046296
1 0.301758 0.675926 0.042969 0.066667
1 0.398438 0.614815 0.046875 0.048148
3 0.427734 0.567593 0.019531 0.024074
1 0.416992 0.743519 0.044922 0.064815
1 0.264648 0.813889 0.044922 0.087037
1 0.305664 0.924074 0.041016 0.081481
1 0.122070 0.865741 0.050781 0.090741
1 0.528809 0.621296 0.047852 0.053704
