2 0.853516 0.634259 0.070312 0.057407
1 0.933594 0.313889 0.025391 0.064815
1 0.733887 0.253704 0.018555 0.055556
2 0.784180 0.264815 0.021484 0.062963
1 0.809570 0.271296 0.019531 0.057407
1 0.458496 0.166667 0.024414 0.055556
1 0.508789 0.037963 0.017578 0.050000
1 0.498535 0.109259 0.016602 0.044444
2 0.486816 0.161111 0.028320 0.077778
1 0.185547 0.273148 0.031250 0.061111
1 0.358398 0.603704 0.042969 0.059259
1 0.275879 0.815741 0.036133 0.075926
1 0.160645 0.955556 0.043945 0.088889
1 0.302734 0.871296 0.041016 0.090741
1 0.352539 0.961111 0.042969 0.077778
2 0.428223 0.744444 0.061523 0.107407
1 0.475098 0.589815 0.045898 0.046296
1 0.514160 0.535185 0.040039 0.044444
3 0.569824 0.541667 0.020508 0.024074
1 0.566406 0.582407 0.044922 0.038889
1 0.634277 0.544444 0.041992 0.044444
1 0.676758 0.606481 0.050781 0.050000
1 0.750977 0.565741 0.044922 0.046296
1 0.772461 0.619444 0.041016 0.042593
