1 0.341797 0.939815 0.033203 0.101852
2 0.417969 0.896296 0.042969 0.137037
1 0.374512 0.589815 0.041992 0.064815
1 0.434570 0.591667 0.039062 0.061111
3 0.651855 0.469444 0.020508 0.024074
3 0.479492 0.051852 0.007812 0.029630
3 0.522949 0.089815 0.016602 0.024074
1 0.426758 0.026852 0.017578 0.050000
1 0.405762 0.083333 0.018555 0.055556
1 0.425293 0.095370 0.016602 0.046296
2 0.420410 0.153704 0.024414 0.077778
1 0.123047 0.370370 0.031250 0.066667
1 0.513672 0.498148 0.042969 0.044444
1 0.590332 0.524074 0.043945 0.044444
1 0.612793 0.479630 0.040039 0.044444
1 0.668945 0.580556 0.046875 0.046296
1 0.668457 0.505556 0.043945 0.040741
1 0.713867 0.449074 0.041016 0.042593
1 0.809570 0.428704 0.044922 0.042593
1 0.737305 0.496296 0.046875 0.048148
1 0.809082 0.470370 0.040039 0.044444
1 0.869141 0.565741 0.042969 0.042593
2 0.898926 0.456481 0.059570 0.057407
1 0.967773 0.439815 0.042969 0.042593
1 0.979492 0.514815 0.041016 0.044444
2 0.712891 0.157407 0.021484 0.062963
1 0.737305 0.157407 0.015625 0.055556
1 0.847168 0.156481 0.026367 0.057407
