1 0.485840 0.627778 0.030273 0.074074
1 0.020996 0.320370 0.038086 0.029630
1 0.081543 0.300000 0.026367 0.033333
1 0.227051 0.287037 0.026367 0.025926
1 0.311523 0.379630 0.037109 0.044444
1 0.314941 0.520370 0.024414 0.059259
1 0.121094 0.180556 0.029297 0.031481
0 0.237305 0.179630 0.039062 0.044444
1 0.322266 0.122222 0.019531 0.014815
1 0.458984 0.444444 0.033203 0.044444
1 0.500977 0.450000 0.031250 0.048148
1 0.549805 0.452778 0.031250 0.046296
1 0.637695 0.325926 0.029297 0.040741
1 0.552734 0.527778 0.039062 0.059259
1 0.475586 0.540741 0.029297 0.051852
1 0.873535 0.097222 0.012695 0.020370
