0 0.088867 0.171296 0.056641 0.053704
1 0.501465 0.803704 0.038086 0.107407
1 0.408691 0.819444 0.043945 0.105556
3 0.379883 0.761111 0.017578 0.055556
1 0.464355 0.586111 0.036133 0.079630
1 0.501953 0.634259 0.033203 0.083333
1 0.591309 0.616667 0.024414 0.070370
1 0.614258 0.667593 0.037109 0.075926
1 0.539551 0.465741 0.030273 0.072222
1 0.552734 0.531481 0.027344 0.066667
1 0.584961 0.549074 0.033203 0.068519
1 0.613770 0.533333 0.024414 0.062963
1 0.576172 0.448148 0.029297 0.062963
1 0.971191 0.428704 0.047852 0.035185
1 0.691895 0.362963 0.018555 0.040741
1 0.577637 0.360185 0.018555 0.038889
1 0.614258 0.367593 0.019531 0.046296
1 0.593750 0.294444 0.021484 0.040741
1 0.621582 0.300926 0.018555 0.038889
1 0.609375 0.254630 0.017578 0.035185
2 0.712402 0.085185 0.016602 0.055556
1 0.629883 0.260185 0.019531 0.035185
1 0.671387 0.241667 0.014648 0.031481
1 0.694336 0.143519 0.011719 0.027778
2 0.720215 0.186111 0.010742 0.031481
1 0.619629 0.202778 0.014648 0.027778
1 0.626953 0.174074 0.013672 0.025926
1 0.632812 0.149074 0.013672 0.024074
1 0.638672 0.121296 0.011719 0.027778
2 0.729492 0.047222 0.011719 0.027778
1 0.652344 0.027778 0.009766 0.018519
1 0.713867 0.017593 0.007812 0.016667
1 0.703613 0.012963 0.008789 0.014815
3 0.531250 0.334259 0.011719 0.031481
