1 0.100586 0.378704 0.068359 0.050000
1 0.232422 0.442593 0.068359 0.055556
1 0.225098 0.505556 0.084961 0.062963
1 0.193359 0.657407 0.085938 0.077778
1 0.155762 0.595370 0.079102 0.079630
1 0.315430 0.488889 0.068359 0.062963
1 0.480469 0.275926 0.025391 0.062963
1 0.425293 0.363889 0.047852 0.057407
1 0.368164 0.399074 0.060547 0.050000
1 0.406250 0.469444 0.062500 0.053704
1 0.400391 0.533333 0.070312 0.062963
1 0.465820 0.422222 0.062500 0.059259
1 0.550781 0.394444 0.058594 0.048148
1 0.582031 0.547222 0.068359 0.057407
1 0.596191 0.604630 0.069336 0.068519
1 0.649414 0.509259 0.062500 0.051852
1 0.662109 0.421296 0.060547 0.046296
1 0.690430 0.385185 0.054688 0.044444
1 0.708008 0.351852 0.048828 0.040741
1 0.729980 0.534259 0.063477 0.053704
1 0.832031 0.379630 0.056641 0.051852
1 0.873047 0.520370 0.062500 0.055556
1 0.958008 0.550926 0.068359 0.053704
1 0.964355 0.351852 0.047852 0.037037
1 0.958984 0.488889 0.058594 0.051852
3 0.416016 0.768519 0.035156 0.059259
3 0.523438 0.739815 0.033203 0.061111
