0 0.632812 0.279630 0.041016 0.077778
2 0.608398 0.225000 0.027344 0.042593
1 0.733887 0.389815 0.049805 0.038889
1 0.630371 0.417593 0.057617 0.038889
1 0.634277 0.391667 0.047852 0.027778
1 0.535156 0.398148 0.050781 0.040741
1 0.545898 0.487963 0.048828 0.057407
1 0.760254 0.462963 0.057617 0.051852
1 0.757324 0.548148 0.067383 0.059259
1 0.801270 0.373148 0.051758 0.035185
1 0.875977 0.412037 0.056641 0.042593
1 0.086914 0.538889 0.080078 0.051852
1 0.122070 0.386111 0.052734 0.042593
1 0.240234 0.399074 0.060547 0.046296
1 0.203125 0.435185 0.054688 0.048148
1 0.288086 0.497222 0.062500 0.050000
1 0.369629 0.401852 0.051758 0.037037
1 0.384277 0.540741 0.071289 0.055556
1 0.497559 0.528704 0.067383 0.053704
1 0.461914 0.434259 0.052734 0.038889
1 0.447266 0.378704 0.037109 0.038889
1 0.457520 0.411111 0.051758 0.025926
1 0.234375 0.234259 0.019531 0.024074
1 0.256348 0.234259 0.018555 0.024074
1 0.274902 0.233333 0.016602 0.025926
1 0.275391 0.265741 0.019531 0.035185
1 0.296387 0.262037 0.020508 0.027778
1 0.294434 0.232407 0.018555 0.027778
1 0.314453 0.230556 0.019531 0.027778
1 0.333008 0.233333 0.017578 0.029630
1 0.350586 0.232407 0.015625 0.027778
1 0.339355 0.261111 0.018555 0.029630
1 0.316895 0.259259 0.020508 0.029630
1 0.456543 0.262037 0.016602 0.027778
1 0.500488 0.261111 0.018555 0.029630
1 0.477051 0.229630 0.016602 0.025926
1 0.494141 0.229630 0.013672 0.025926
1 0.511719 0.230556 0.013672 0.027778
1 0.585938 0.227778 0.017578 0.037037
