1 0.432129 0.302778 0.012695 0.027778
1 0.441895 0.360185 0.014648 0.027778
2 0.467773 0.289815 0.011719 0.038889
1 0.528809 0.264815 0.010742 0.022222
1 0.504883 0.266667 0.009766 0.018519
1 0.506348 0.317593 0.010742 0.024074
1 0.526855 0.337037 0.012695 0.025926
1 0.550293 0.363889 0.014648 0.027778
1 0.529297 0.389815 0.013672 0.031481
1 0.486816 0.439815 0.016602 0.035185
1 0.509766 0.443519 0.017578 0.038889
1 0.563965 0.488889 0.020508 0.040741
1 0.412598 0.506481 0.022461 0.046296
1 0.506836 0.531481 0.019531 0.040741
1 0.536621 0.537963 0.020508 0.042593
1 0.503418 0.632407 0.024414 0.053704
1 0.495605 0.750000 0.024414 0.074074
1 0.581543 0.664815 0.026367 0.074074
1 0.596191 0.915741 0.036133 0.109259
1 0.545898 0.942593 0.035156 0.114815
1 0.929199 0.419444 0.024414 0.035185
1 0.925781 0.383333 0.035156 0.029630
1 0.470703 0.241667 0.009766 0.020370
1 0.458984 0.231481 0.009766 0.018519
1 0.445312 0.227778 0.009766 0.018519
