1 0.346191 0.660185 0.057617 0.072222
1 0.319824 0.638889 0.059570 0.081481
1 0.190430 0.837037 0.074219 0.088889
1 0.087891 0.892593 0.074219 0.096296
1 0.274902 0.756481 0.063477 0.083333
1 0.426270 0.330556 0.040039 0.042593
1 0.380371 0.212963 0.036133 0.033333
1 0.610840 0.252778 0.036133 0.046296
1 0.639160 0.196296 0.030273 0.040741
1 0.583984 0.211111 0.033203 0.040741
1 0.580566 0.247222 0.034180 0.046296
1 0.695801 0.174074 0.034180 0.040741
1 0.680664 0.150000 0.033203 0.044444
1 0.732422 0.140741 0.027344 0.037037
1 0.716309 0.126852 0.028320 0.035185
2 0.786621 0.042593 0.073242 0.081481
1 0.841309 0.046296 0.026367 0.033333
2 0.298828 0.142593 0.025391 0.040741
1 0.384766 0.084259 0.031250 0.031481
1 0.351074 0.080556 0.024414 0.027778
