1 0.557617 0.925926 0.037109 0.148148
1 0.735840 0.869444 0.045898 0.105556
1 0.702148 0.674074 0.039062 0.077778
1 0.729004 0.612963 0.040039 0.077778
1 0.504883 0.435185 0.019531 0.048148
3 0.474609 0.380556 0.009766 0.031481
1 0.565918 0.406481 0.022461 0.057407
1 0.648926 0.402778 0.020508 0.038889
1 0.500000 0.316667 0.017578 0.040741
1 0.557129 0.324074 0.016602 0.037037
1 0.602051 0.342593 0.020508 0.033333
1 0.586914 0.289815 0.015625 0.031481
2 0.517578 0.139815 0.011719 0.031481
1 0.533691 0.255556 0.014648 0.033333
1 0.524902 0.229630 0.012695 0.029630
1 0.599609 0.156481 0.011719 0.016667
