1 0.338867 0.715741 0.035156 0.079630
1 0.470215 0.871296 0.032227 0.094444
1 0.576172 0.841667 0.035156 0.109259
1 0.522949 0.719444 0.026367 0.075926
1 0.484375 0.716667 0.029297 0.070370
1 0.562012 0.597222 0.024414 0.057407
1 0.490234 0.597222 0.021484 0.050000
1 0.410645 0.620370 0.026367 0.070370
1 0.400391 0.507407 0.023438 0.051852
1 0.493164 0.492593 0.019531 0.040741
1 0.522461 0.491667 0.017578 0.042593
1 0.552246 0.442593 0.018555 0.037037
1 0.525879 0.405556 0.014648 0.033333
1 0.501465 0.385185 0.014648 0.029630
1 0.482422 0.385185 0.015625 0.033333
1 0.442383 0.424074 0.019531 0.040741
2 0.558105 0.318519 0.022461 0.040741
1 0.523438 0.326852 0.013672 0.027778
1 0.503906 0.323148 0.013672 0.027778
1 0.444336 0.289815 0.013672 0.024074
1 0.501953 0.270370 0.009766 0.022222
1 0.500488 0.239815 0.010742 0.020370
1 0.517090 0.251852 0.010742 0.018519
1 0.520020 0.285185 0.010742 0.025926
1 0.950195 0.599074 0.054688 0.031481
1 0.966797 0.626852 0.054688 0.035185
1 0.814941 0.447222 0.038086 0.031481
1 0.887207 0.340741 0.030273 0.022222
1 0.886230 0.371296 0.020508 0.031481
