1 0.363770 0.735185 0.034180 0.085185
1 0.370605 0.575926 0.028320 0.062963
1 0.418457 0.475926 0.024414 0.048148
1 0.414062 0.387037 0.017578 0.033333
1 0.505371 0.401852 0.014648 0.033333
1 0.532715 0.421296 0.016602 0.038889
1 0.499023 0.475000 0.017578 0.042593
1 0.528320 0.500926 0.019531 0.046296
1 0.491211 0.550926 0.023438 0.053704
1 0.526367 0.595370 0.021484 0.050000
1 0.564453 0.569444 0.023438 0.053704
1 0.492676 0.624074 0.024414 0.055556
1 0.479492 0.785185 0.031250 0.081481
1 0.571777 0.718519 0.030273 0.077778
1 0.519531 0.843519 0.031250 0.094444
1 0.465820 0.913889 0.035156 0.098148
1 0.579590 0.926852 0.036133 0.124074
1 0.961914 0.959259 0.076172 0.081481
1 0.931641 0.886111 0.085938 0.075926
1 0.919434 0.837037 0.071289 0.051852
2 0.720215 0.317593 0.036133 0.038889
1 0.752930 0.366667 0.033203 0.029630
1 0.445312 0.307407 0.013672 0.025926
1 0.489746 0.313889 0.014648 0.027778
1 0.507324 0.339815 0.014648 0.027778
1 0.526855 0.327778 0.014648 0.025926
1 0.531250 0.360185 0.015625 0.027778
1 0.470215 0.252778 0.010742 0.027778
1 0.508301 0.245370 0.010742 0.020370
1 0.506836 0.289815 0.013672 0.024074
1 0.522949 0.263889 0.010742 0.020370
1 0.541992 0.261111 0.011719 0.022222
1 0.457031 0.212963 0.011719 0.022222
1 0.525391 0.222222 0.011719 0.018519
1 0.473633 0.205556 0.009766 0.022222
