1 0.050781 0.447222 0.062500 0.042593
1 0.081055 0.419444 0.062500 0.042593
1 0.150879 0.435185 0.053711 0.051852
1 0.158691 0.476852 0.067383 0.050000
1 0.250000 0.444444 0.058594 0.048148
1 0.285156 0.375000 0.050781 0.038889
1 0.322266 0.362963 0.035156 0.029630
1 0.334473 0.421296 0.047852 0.042593
1 0.324219 0.344444 0.042969 0.025926
1 0.432129 0.387963 0.053711 0.038889
1 0.452148 0.339815 0.046875 0.035185
1 0.482910 0.355556 0.041992 0.040741
1 0.521484 0.367593 0.042969 0.046296
1 0.470703 0.505556 0.052734 0.070370
2 0.585938 0.335185 0.056641 0.048148
1 0.685547 0.386111 0.050781 0.038889
1 0.703613 0.365741 0.045898 0.038889
1 0.714355 0.336111 0.040039 0.035185
1 0.766113 0.348148 0.055664 0.040741
1 0.895020 0.335185 0.047852 0.037037
0 0.524902 0.208333 0.059570 0.050000
2 0.606934 0.203704 0.024414 0.044444
1 0.585449 0.205556 0.014648 0.029630
1 0.252441 0.211111 0.018555 0.022222
1 0.272461 0.209259 0.015625 0.022222
1 0.290039 0.209259 0.015625 0.025926
1 0.291992 0.237963 0.017578 0.031481
1 0.312988 0.236111 0.018555 0.027778
1 0.308594 0.206481 0.017578 0.027778
1 0.327148 0.206481 0.015625 0.024074
1 0.331055 0.234259 0.017578 0.031481
1 0.345703 0.209259 0.015625 0.025926
1 0.362793 0.208333 0.014648 0.024074
1 0.353027 0.236111 0.016602 0.027778
