1 0.589844 0.960185 0.093750 0.079630
1 0.807617 0.794444 0.074219 0.103704
1 0.897949 0.706481 0.079102 0.087037
1 0.883301 0.233333 0.024414 0.029630
1 0.123535 0.549074 0.051758 0.061111
1 0.156738 0.477778 0.051758 0.059259
1 0.446777 0.327778 0.034180 0.037037
1 0.394531 0.364815 0.017578 0.040741
1 0.358398 0.357407 0.029297 0.048148
1 0.365723 0.317593 0.022461 0.035185
1 0.259277 0.331481 0.020508 0.040741
1 0.245117 0.281481 0.021484 0.037037
1 0.157715 0.204630 0.032227 0.024074
1 0.288086 0.216667 0.019531 0.025926
0 0.349121 0.126852 0.024414 0.038889
1 0.454102 0.093519 0.015625 0.020370
1 0.294434 0.186111 0.016602 0.024074
0 0.121582 0.119444 0.024414 0.050000
1 0.180176 0.162037 0.014648 0.024074
1 0.209473 0.170370 0.016602 0.025926
1 0.233398 0.195370 0.017578 0.027778
1 0.143555 0.076852 0.023438 0.020370
