1 0.111816 0.109259 0.028320 0.022222
1 0.145020 0.089815 0.026367 0.020370
1 0.298340 0.013889 0.016602 0.024074
0 0.075195 0.184259 0.056641 0.053704
2 0.717285 0.051852 0.014648 0.051852
2 0.734863 0.027778 0.010742 0.025926
1 0.645996 0.062037 0.010742 0.020370
1 0.705078 0.102778 0.011719 0.024074
2 0.727539 0.137037 0.009766 0.029630
1 0.685059 0.146296 0.012695 0.025926
1 0.695801 0.232407 0.014648 0.031481
1 0.638184 0.142593 0.012695 0.025926
1 0.632324 0.172222 0.014648 0.029630
1 0.625000 0.202778 0.015625 0.027778
1 0.616211 0.238889 0.017578 0.029630
1 0.600586 0.309259 0.019531 0.040741
1 0.625977 0.311111 0.019531 0.040741
1 0.616211 0.355556 0.019531 0.040741
1 0.579590 0.361111 0.024414 0.048148
3 0.483887 0.487963 0.010742 0.042593
1 0.610352 0.425000 0.021484 0.053704
1 0.556641 0.453704 0.023438 0.055556
1 0.513184 0.595370 0.036133 0.087037
1 0.557129 0.541667 0.032227 0.075926
1 0.584961 0.591667 0.033203 0.068519
1 0.616211 0.571296 0.025391 0.064815
1 0.623047 0.677778 0.031250 0.081481
1 0.590820 0.662963 0.027344 0.074074
1 0.536621 0.687963 0.032227 0.090741
1 0.964844 0.370370 0.029297 0.040741
1 0.382324 0.928704 0.049805 0.135185
3 0.323242 0.966667 0.021484 0.066667
1 0.450195 0.877778 0.048828 0.129630
