1 0.532715 0.850926 0.038086 0.124074
1 0.481445 0.637037 0.027344 0.074074
1 0.519043 0.605556 0.026367 0.074074
1 0.649414 0.509259 0.027344 0.051852
1 0.730469 0.560185 0.033203 0.061111
1 0.487793 0.410185 0.018555 0.046296
1 0.525879 0.458333 0.020508 0.050000
1 0.574219 0.324074 0.015625 0.029630
1 0.604004 0.342593 0.018555 0.029630
1 0.612793 0.291667 0.016602 0.027778
1 0.496094 0.347222 0.017578 0.042593
1 0.494629 0.274074 0.014648 0.029630
1 0.518066 0.300926 0.014648 0.031481
1 0.518066 0.259259 0.012695 0.033333
1 0.590820 0.210185 0.011719 0.024074
1 0.553223 0.197222 0.010742 0.020370
1 0.514648 0.225000 0.011719 0.024074
1 0.492676 0.205556 0.010742 0.025926
1 0.493164 0.175926 0.009766 0.022222
1 0.508789 0.195370 0.011719 0.024074
1 0.464844 0.176852 0.021484 0.016667
0 0.481934 0.110185 0.014648 0.031481
