0 0.634766 0.302778 0.039062 0.090741
0 0.888672 0.340741 0.123047 0.081481
2 0.597656 0.218519 0.025391 0.044444
2 0.593262 0.436111 0.063477 0.057407
1 0.054199 0.385185 0.055664 0.040741
1 0.134766 0.475000 0.068359 0.042593
1 0.187988 0.568519 0.061523 0.062963
1 0.125000 0.442593 0.060547 0.037037
1 0.153320 0.400926 0.058594 0.038889
1 0.261230 0.383333 0.051758 0.037037
1 0.339844 0.372222 0.046875 0.037037
1 0.422852 0.510185 0.064453 0.050000
1 0.403320 0.474074 0.062500 0.051852
1 0.425293 0.400000 0.051758 0.040741
1 0.477539 0.383333 0.048828 0.040741
1 0.489746 0.362037 0.049805 0.035185
1 0.541504 0.406481 0.051758 0.042593
1 0.640625 0.497222 0.068359 0.053704
1 0.747070 0.394444 0.044922 0.037037
1 0.952148 0.495370 0.062500 0.053704
1 0.231934 0.227778 0.020508 0.025926
1 0.252930 0.225000 0.017578 0.027778
1 0.271484 0.224074 0.017578 0.029630
1 0.270020 0.254630 0.020508 0.035185
1 0.291504 0.253704 0.020508 0.025926
1 0.312012 0.251852 0.020508 0.029630
1 0.333496 0.251852 0.016602 0.029630
1 0.345703 0.224074 0.015625 0.025926
1 0.326660 0.224074 0.016602 0.025926
1 0.309082 0.223148 0.016602 0.027778
1 0.289551 0.223148 0.016602 0.027778
1 0.394531 0.223148 0.015625 0.024074
1 0.469727 0.221296 0.015625 0.024074
1 0.487305 0.220370 0.013672 0.022222
1 0.502930 0.221296 0.015625 0.024074
1 0.490723 0.250926 0.018555 0.027778
1 0.575195 0.220370 0.015625 0.033333
1 0.448242 0.253704 0.015625 0.025926
