0 0.177734 0.207407 0.044922 0.044444
1 0.260742 0.142593 0.021484 0.018519
1 0.133301 0.354630 0.036133 0.038889
1 0.145508 0.425926 0.037109 0.040741
1 0.413086 0.422222 0.039062 0.037037
1 0.520996 0.557407 0.036133 0.059259
1 0.565918 0.457407 0.028320 0.048148
1 0.560059 0.554630 0.034180 0.057407
1 0.591797 0.511111 0.031250 0.059259
1 0.511230 0.759259 0.041992 0.088889
1 0.527832 0.663889 0.026367 0.068519
3 0.823242 0.222222 0.009766 0.025926
1 0.685059 0.242593 0.018555 0.033333
1 0.852051 0.113889 0.010742 0.016667
