1 0.459473 0.123148 0.014648 0.031481
1 0.432129 0.182407 0.014648 0.027778
1 0.500000 0.159259 0.013672 0.025926
1 0.498535 0.093519 0.012695 0.024074
1 0.515625 0.103704 0.011719 0.022222
1 0.534180 0.112963 0.013672 0.025926
1 0.499512 0.214815 0.014648 0.029630
1 0.527832 0.219444 0.016602 0.031481
1 0.500977 0.281481 0.015625 0.040741
1 0.415039 0.291667 0.021484 0.038889
1 0.528320 0.311111 0.019531 0.040741
1 0.475586 0.333333 0.019531 0.048148
1 0.503418 0.384259 0.020508 0.046296
1 0.373047 0.412037 0.027344 0.057407
1 0.426758 0.401852 0.023438 0.055556
1 0.398438 0.566667 0.033203 0.085185
1 0.495117 0.526852 0.027344 0.064815
1 0.535156 0.709259 0.031250 0.092593
1 0.591309 0.742593 0.036133 0.103704
1 0.482422 0.825000 0.035156 0.109259
1 0.318848 0.677778 0.040039 0.092593
2 0.326660 0.933333 0.059570 0.133333
1 0.902344 0.387037 0.052734 0.040741
1 0.614258 0.571296 0.039062 0.068519
1 0.973145 0.261111 0.040039 0.033333
1 0.979004 0.306481 0.030273 0.042593
1 0.433105 0.077778 0.010742 0.022222
1 0.937988 0.255556 0.022461 0.033333
