3 0.138672 0.776852 0.041016 0.053704
3 0.510742 0.733333 0.031250 0.048148
3 0.614258 0.718519 0.031250 0.048148
1 0.176270 0.556481 0.073242 0.057407
1 0.250488 0.514815 0.077148 0.051852
1 0.375488 0.394444 0.051758 0.044444
1 0.483887 0.315741 0.022461 0.053704
1 0.333496 0.499074 0.063477 0.050000
1 0.415039 0.487963 0.056641 0.050000
1 0.466797 0.450000 0.056641 0.048148
1 0.348145 0.580556 0.069336 0.057407
1 0.350586 0.630556 0.072266 0.064815
1 0.458496 0.539815 0.063477 0.053704
1 0.500488 0.572222 0.063477 0.055556
1 0.549805 0.419444 0.050781 0.046296
1 0.619141 0.387963 0.044922 0.046296
1 0.662109 0.444444 0.056641 0.051852
1 0.694824 0.418519 0.051758 0.044444
1 0.673340 0.552778 0.061523 0.053704
1 0.832520 0.445370 0.055664 0.046296
2 0.963379 0.492593 0.073242 0.081481
1 0.807617 0.414815 0.046875 0.040741
1 0.859375 0.387963 0.046875 0.038889
1 0.926758 0.412037 0.052734 0.046296
1 0.750977 0.517593 0.056641 0.046296
1 0.749512 0.587037 0.065430 0.055556
1 0.111816 0.471296 0.069336 0.053704
