0 0.060059 0.167593 0.057617 0.053704
1 0.104004 0.094444 0.028320 0.022222
1 0.138184 0.072222 0.026367 0.018519
1 0.225098 0.044444 0.020508 0.025926
1 0.501465 0.800926 0.043945 0.116667
1 0.484863 0.676852 0.036133 0.090741
1 0.585449 0.663889 0.030273 0.075926
1 0.619629 0.654630 0.028320 0.079630
1 0.611816 0.561111 0.026367 0.066667
1 0.580566 0.583333 0.036133 0.070370
1 0.531738 0.505556 0.030273 0.074074
1 0.554688 0.425926 0.027344 0.059259
1 0.603516 0.444444 0.025391 0.059259
1 0.596680 0.395370 0.023438 0.046296
1 0.617676 0.340741 0.022461 0.048148
1 0.588867 0.309259 0.021484 0.040741
1 0.608398 0.255556 0.019531 0.037037
1 0.623535 0.192593 0.016602 0.033333
1 0.619141 0.132407 0.013672 0.024074
1 0.632812 0.155556 0.015625 0.029630
1 0.666992 0.041667 0.011719 0.020370
1 0.703613 0.048148 0.010742 0.018519
1 0.720215 0.015741 0.008789 0.020370
1 0.737305 0.038889 0.009766 0.022222
1 0.981934 0.350000 0.032227 0.044444
