1 0.015625 0.189815 0.019531 0.027778
1 0.061035 0.223148 0.022461 0.031481
1 0.062988 0.287963 0.034180 0.027778
1 0.135742 0.164815 0.027344 0.029630
1 0.179199 0.225926 0.026367 0.025926
1 0.182617 0.316667 0.029297 0.033333
1 0.274414 0.606481 0.042969 0.075926
1 0.363770 0.383333 0.036133 0.044444
1 0.429688 0.388889 0.035156 0.044444
1 0.466309 0.383333 0.032227 0.040741
1 0.458984 0.477778 0.023438 0.048148
1 0.539551 0.451852 0.032227 0.044444
1 0.475098 0.545370 0.022461 0.057407
1 0.515625 0.545370 0.042969 0.057407
1 0.329102 0.124074 0.019531 0.022222
1 0.360840 0.114815 0.018555 0.018519
0 0.272949 0.163889 0.034180 0.046296
1 0.617676 0.344444 0.036133 0.040741
1 0.905273 0.120370 0.011719 0.022222
