0 0.636230 0.325000 0.071289 0.083333
1 0.500977 0.435185 0.054688 0.048148
1 0.663574 0.461111 0.059570 0.051852
1 0.675293 0.407407 0.055664 0.040741
1 0.699707 0.364815 0.049805 0.037037
1 0.650391 0.382407 0.052734 0.038889
1 0.785156 0.336111 0.046875 0.035185
1 0.185547 0.419444 0.056641 0.042593
1 0.267578 0.216667 0.019531 0.022222
1 0.288086 0.215741 0.017578 0.024074
1 0.308594 0.241667 0.017578 0.031481
1 0.328613 0.239815 0.018555 0.027778
1 0.347168 0.237963 0.016602 0.027778
1 0.368652 0.239815 0.016602 0.027778
1 0.306641 0.213889 0.015625 0.024074
1 0.323242 0.213889 0.019531 0.024074
1 0.342285 0.211111 0.016602 0.022222
1 0.359863 0.212963 0.016602 0.025926
1 0.376953 0.212037 0.015625 0.024074
1 0.478027 0.238889 0.014648 0.025926
1 0.495117 0.210185 0.015625 0.024074
1 0.510742 0.209259 0.015625 0.025926
1 0.527832 0.210185 0.014648 0.024074
1 0.596680 0.208333 0.015625 0.031481
2 0.618652 0.207407 0.026367 0.040741
