1 0.330078 0.746296 0.039062 0.077778
1 0.383789 0.671296 0.027344 0.061111
1 0.420410 0.669444 0.026367 0.057407
1 0.392578 0.800926 0.035156 0.079630
1 0.436523 0.412037 0.017578 0.031481
1 0.444824 0.509259 0.018555 0.040741
1 0.471680 0.456481 0.017578 0.035185
1 0.464844 0.332407 0.011719 0.027778
1 0.480469 0.332407 0.011719 0.024074
1 0.500000 0.339815 0.011719 0.024074
1 0.473633 0.263889 0.009766 0.020370
1 0.460449 0.270370 0.008789 0.018519
1 0.476562 0.226852 0.007812 0.012963
1 0.552246 0.361111 0.012695 0.029630
1 0.534668 0.375926 0.012695 0.025926
1 0.560059 0.400926 0.012695 0.024074
1 0.516602 0.398148 0.011719 0.025926
1 0.538086 0.423148 0.013672 0.027778
1 0.561523 0.433333 0.015625 0.029630
1 0.571777 0.475926 0.018555 0.037037
1 0.540039 0.470370 0.015625 0.033333
1 0.514648 0.437963 0.015625 0.031481
1 0.514160 0.470370 0.014648 0.029630
1 0.514648 0.504630 0.017578 0.035185
1 0.540527 0.504630 0.016602 0.035185
1 0.543457 0.548148 0.018555 0.044444
1 0.569336 0.524074 0.019531 0.040741
1 0.504883 0.601852 0.019531 0.048148
1 0.511230 0.550926 0.018555 0.038889
1 0.540527 0.594444 0.020508 0.044444
1 0.576172 0.622222 0.021484 0.048148
1 0.579102 0.682407 0.023438 0.057407
1 0.541504 0.644444 0.020508 0.048148
1 0.503418 0.675926 0.022461 0.051852
1 0.535156 0.713889 0.025391 0.061111
1 0.497070 0.759259 0.025391 0.066667
1 0.535156 0.806481 0.029297 0.083333
1 0.585449 0.818519 0.032227 0.092593
1 0.482910 0.895370 0.032227 0.090741
1 0.541992 0.942593 0.031250 0.100000
1 0.967773 0.725926 0.064453 0.055556
1 0.850586 0.719444 0.062500 0.042593
1 0.884277 0.822222 0.069336 0.055556
1 0.930176 0.900926 0.083008 0.068519
1 0.946777 0.964815 0.081055 0.070370
1 0.944824 0.663889 0.057617 0.031481
1 0.958984 0.688889 0.064453 0.033333
1 0.962891 0.535185 0.044922 0.037037
1 0.959473 0.450000 0.024414 0.033333
