1 0.802734 0.900926 0.068359 0.142593
1 0.534180 0.753704 0.035156 0.111111
1 0.499512 0.434259 0.020508 0.046296
1 0.536133 0.387037 0.019531 0.048148
1 0.602051 0.390741 0.020508 0.040741
1 0.636719 0.307407 0.017578 0.029630
1 0.616699 0.327778 0.018555 0.029630
1 0.570801 0.322222 0.016602 0.033333
1 0.511230 0.331481 0.016602 0.037037
1 0.480957 0.300000 0.014648 0.033333
1 0.484375 0.232407 0.011719 0.024074
1 0.503418 0.227778 0.012695 0.025926
1 0.555664 0.231481 0.011719 0.025926
1 0.531738 0.272222 0.012695 0.029630
1 0.512695 0.269444 0.013672 0.031481
1 0.584473 0.170370 0.020508 0.018519
1 0.532227 0.153704 0.009766 0.018519
1 0.503906 0.192593 0.011719 0.022222
1 0.482910 0.186111 0.010742 0.024074
1 0.486328 0.165741 0.009766 0.020370
