2 0.681152 0.400926 0.022461 0.094444
2 0.677734 0.643519 0.017578 0.061111
1 0.585938 0.618519 0.023438 0.051852
1 0.572266 0.778704 0.029297 0.072222
1 0.633789 0.568519 0.019531 0.048148
1 0.578613 0.556481 0.026367 0.046296
1 0.602051 0.544444 0.020508 0.040741
1 0.552734 0.558333 0.019531 0.050000
2 0.489258 0.557407 0.035156 0.077778
1 0.516113 0.611111 0.024414 0.055556
1 0.521973 0.679630 0.028320 0.062963
3 0.487305 0.496296 0.009766 0.033333
1 0.437500 0.773148 0.033203 0.079630
0 0.145996 0.277778 0.047852 0.044444
1 0.167969 0.223148 0.023438 0.020370
1 0.193848 0.210185 0.022461 0.016667
1 0.264648 0.193519 0.017578 0.024074
1 0.918457 0.535185 0.043945 0.040741
1 0.895996 0.503704 0.034180 0.029630
1 0.893066 0.477778 0.036133 0.029630
1 0.877441 0.421296 0.024414 0.035185
1 0.536133 0.515741 0.023438 0.046296
1 0.571289 0.493519 0.021484 0.042593
1 0.566406 0.433333 0.019531 0.037037
1 0.583984 0.451852 0.017578 0.044444
1 0.530273 0.459259 0.021484 0.037037
1 0.562012 0.365741 0.016602 0.031481
1 0.695312 0.271296 0.013672 0.031481
1 0.673340 0.290741 0.010742 0.022222
1 0.655762 0.289815 0.010742 0.020370
1 0.659180 0.318519 0.011719 0.022222
1 0.586426 0.297222 0.014648 0.027778
1 0.613770 0.289815 0.012695 0.024074
1 0.634766 0.271296 0.009766 0.024074
1 0.602051 0.317593 0.014648 0.027778
1 0.596191 0.342593 0.012695 0.025926
1 0.614258 0.362963 0.013672 0.029630
1 0.586426 0.367593 0.016602 0.035185
1 0.600098 0.385185 0.018555 0.033333
1 0.595215 0.415741 0.018555 0.035185
1 0.978027 0.801852 0.043945 0.059259
1 0.967285 0.697222 0.041992 0.050000
1 0.949707 0.663889 0.047852 0.042593
1 0.621582 0.252778 0.010742 0.020370
1 0.625977 0.231481 0.009766 0.018519
1 0.644531 0.225000 0.009766 0.020370
1 0.690918 0.228704 0.010742 0.020370
1 0.678223 0.216667 0.008789 0.018519
1 0.665527 0.214815 0.008789 0.018519
1 0.636719 0.192593 0.009766 0.018519
