0 0.110352 0.327778 0.123047 0.081481
0 0.656250 0.312963 0.046875 0.085185
1 0.270996 0.213889 0.018555 0.024074
1 0.291504 0.212963 0.016602 0.022222
1 0.309570 0.212037 0.015625 0.024074
1 0.312500 0.238889 0.017578 0.029630
1 0.333008 0.237037 0.017578 0.022222
1 0.351562 0.236111 0.019531 0.027778
1 0.372559 0.236111 0.014648 0.024074
1 0.380371 0.212037 0.014648 0.024074
1 0.363770 0.210185 0.016602 0.024074
1 0.346191 0.209259 0.018555 0.025926
1 0.327148 0.209259 0.013672 0.025926
1 0.427246 0.209259 0.014648 0.025926
1 0.482422 0.237037 0.013672 0.025926
1 0.499512 0.209259 0.016602 0.025926
1 0.515137 0.207407 0.012695 0.022222
1 0.530762 0.208333 0.014648 0.024074
1 0.521484 0.236111 0.015625 0.027778
2 0.621094 0.205556 0.027344 0.040741
1 0.600586 0.207407 0.015625 0.033333
1 0.489746 0.406481 0.055664 0.042593
1 0.584961 0.424074 0.054688 0.044444
1 0.653809 0.378704 0.051758 0.038889
1 0.862793 0.333333 0.047852 0.033333
1 0.167969 0.367593 0.052734 0.042593
1 0.309082 0.432407 0.057617 0.042593
1 0.410156 0.459259 0.056641 0.048148
