1 0.325684 0.863889 0.047852 0.105556
1 0.549316 0.275000 0.012695 0.024074
1 0.537109 0.235185 0.011719 0.022222
1 0.513184 0.250926 0.010742 0.024074
1 0.495117 0.284259 0.013672 0.024074
1 0.479004 0.193519 0.008789 0.024074
1 0.453125 0.190741 0.009766 0.018519
1 0.511230 0.200926 0.008789 0.020370
1 0.435547 0.290741 0.013672 0.025926
1 0.447754 0.322222 0.014648 0.029630
1 0.510254 0.297222 0.014648 0.027778
1 0.527832 0.273148 0.012695 0.024074
1 0.510742 0.345370 0.013672 0.031481
1 0.531250 0.335185 0.015625 0.029630
1 0.576660 0.392593 0.020508 0.029630
1 0.535156 0.368519 0.015625 0.029630
1 0.416504 0.389815 0.018555 0.038889
1 0.424316 0.445370 0.020508 0.042593
1 0.507324 0.403704 0.016602 0.033333
1 0.536133 0.423148 0.017578 0.038889
1 0.504395 0.461111 0.018555 0.037037
1 0.532715 0.499074 0.020508 0.046296
1 0.568848 0.554630 0.022461 0.050000
1 0.531738 0.575926 0.020508 0.051852
1 0.496582 0.519444 0.022461 0.046296
1 0.498535 0.584259 0.022461 0.050000
1 0.392578 0.564815 0.027344 0.066667
1 0.573242 0.667593 0.027344 0.068519
1 0.487305 0.720370 0.029297 0.074074
1 0.526855 0.732407 0.026367 0.075926
1 0.579590 0.808333 0.032227 0.101852
1 0.475586 0.832407 0.031250 0.090741
1 0.524414 0.854630 0.033203 0.101852
1 0.584473 0.953704 0.038086 0.092593
1 0.922363 0.870370 0.077148 0.062963
1 0.899902 0.797222 0.063477 0.072222
1 0.879883 0.742593 0.074219 0.055556
1 0.874023 0.706481 0.058594 0.038889
2 0.795898 0.294444 0.037109 0.037037
1 0.536133 0.205556 0.009766 0.022222
