1 0.497559 0.889815 0.040039 0.142593
1 0.542969 0.792593 0.035156 0.118519
1 0.583984 0.712037 0.031250 0.098148
1 0.637695 0.650000 0.031250 0.074074
1 0.697754 0.519444 0.032227 0.061111
1 0.705078 0.759259 0.033203 0.085185
1 0.743652 0.742593 0.041992 0.092593
1 0.539062 0.333333 0.015625 0.037037
1 0.545410 0.422222 0.018555 0.048148
1 0.571289 0.397222 0.017578 0.042593
1 0.601074 0.362963 0.016602 0.033333
1 0.628418 0.378704 0.018555 0.038889
1 0.648926 0.462037 0.022461 0.042593
1 0.548828 0.165741 0.011719 0.027778
1 0.532715 0.208333 0.012695 0.027778
1 0.517090 0.190741 0.010742 0.022222
1 0.530762 0.155556 0.008789 0.018519
1 0.513672 0.140741 0.009766 0.022222
