0 0.111328 0.162963 0.054688 0.051852
1 0.139160 0.097222 0.026367 0.020370
1 0.168457 0.078704 0.024414 0.020370
1 0.176270 0.102778 0.024414 0.027778
3 0.450684 0.541667 0.014648 0.038889
2 0.708496 0.173148 0.020508 0.075926
2 0.714355 0.332407 0.016602 0.046296
2 0.363281 0.931481 0.074219 0.137037
1 0.454590 0.933333 0.049805 0.129630
1 0.479980 0.560185 0.028320 0.068519
1 0.505859 0.678704 0.033203 0.083333
1 0.546387 0.707407 0.030273 0.088889
1 0.609375 0.673148 0.031250 0.079630
1 0.647461 0.639815 0.027344 0.072222
1 0.604004 0.568519 0.026367 0.062963
1 0.562500 0.553704 0.023438 0.066667
1 0.521973 0.425926 0.024414 0.051852
1 0.555664 0.437037 0.027344 0.055556
1 0.575684 0.466667 0.024414 0.059259
1 0.598145 0.509259 0.030273 0.055556
1 0.624023 0.495370 0.025391 0.053704
1 0.681641 0.267593 0.015625 0.035185
1 0.631348 0.289815 0.016602 0.038889
1 0.555664 0.318519 0.023438 0.044444
1 0.585449 0.321296 0.022461 0.046296
1 0.608398 0.332407 0.023438 0.046296
1 0.598145 0.390741 0.024414 0.048148
1 0.604492 0.272222 0.015625 0.033333
1 0.612305 0.236111 0.017578 0.035185
1 0.641602 0.219444 0.013672 0.031481
1 0.624512 0.204630 0.014648 0.031481
1 0.649902 0.175000 0.014648 0.031481
1 0.724121 0.093519 0.012695 0.027778
1 0.705078 0.081481 0.009766 0.018519
1 0.693359 0.070370 0.009766 0.018519
1 0.690918 0.088889 0.010742 0.018519
1 0.650879 0.076852 0.010742 0.024074
1 0.642090 0.114815 0.012695 0.025926
1 0.634277 0.143519 0.012695 0.027778
1 0.630859 0.167593 0.013672 0.024074
1 0.963379 0.438889 0.040039 0.037037
1 0.957520 0.405556 0.043945 0.033333
1 0.937012 0.334259 0.028320 0.038889
