0 0.641113 0.302778 0.038086 0.090741
1 0.305176 0.453704 0.067383 0.059259
1 0.097656 0.377778 0.042969 0.044444
1 0.099609 0.412963 0.046875 0.040741
1 0.058105 0.430556 0.059570 0.042593
1 0.053711 0.541667 0.074219 0.057407
1 0.235840 0.392593 0.051758 0.040741
1 0.240723 0.491667 0.067383 0.042593
1 0.230469 0.529630 0.068359 0.051852
1 0.325684 0.412037 0.057617 0.038889
1 0.408203 0.391667 0.050781 0.038889
1 0.493652 0.382407 0.047852 0.038889
1 0.450684 0.517593 0.073242 0.050000
1 0.586914 0.370370 0.050781 0.037037
1 0.627441 0.392593 0.045898 0.037037
1 0.591797 0.409259 0.052734 0.044444
1 0.644043 0.480556 0.059570 0.046296
1 0.714355 0.410185 0.051758 0.038889
2 0.604980 0.225000 0.026367 0.046296
0 0.583008 0.224074 0.015625 0.033333
1 0.475098 0.227778 0.016602 0.025926
1 0.496582 0.258333 0.016602 0.027778
1 0.492188 0.225000 0.013672 0.027778
1 0.509277 0.227778 0.014648 0.025926
1 0.454102 0.258333 0.015625 0.031481
1 0.349609 0.229630 0.017578 0.025926
1 0.233887 0.233333 0.020508 0.025926
1 0.254883 0.232407 0.017578 0.024074
1 0.273926 0.231481 0.018555 0.025926
1 0.292480 0.229630 0.020508 0.029630
1 0.313477 0.228704 0.017578 0.027778
1 0.332031 0.228704 0.017578 0.027778
1 0.273926 0.261111 0.020508 0.037037
1 0.294922 0.259259 0.019531 0.029630
1 0.314453 0.258333 0.021484 0.035185
1 0.337891 0.256481 0.019531 0.031481
