0 0.614746 0.789815 0.065430 0.290741
1 0.716309 0.375000 0.049805 0.038889
1 0.767578 0.453704 0.046875 0.051852
1 0.501953 0.120370 0.009766 0.022222
1 0.524414 0.175000 0.015625 0.027778
1 0.507812 0.175926 0.013672 0.033333
1 0.461914 0.180556 0.015625 0.035185
1 0.512695 0.227778 0.015625 0.037037
1 0.417480 0.206481 0.016602 0.031481
1 0.433105 0.225926 0.016602 0.037037
1 0.450684 0.275000 0.018555 0.046296
1 0.416504 0.375926 0.022461 0.048148
1 0.484375 0.339815 0.021484 0.046296
1 0.511719 0.305556 0.017578 0.037037
1 0.510254 0.418519 0.020508 0.051852
1 0.539551 0.400000 0.020508 0.048148
1 0.573242 0.397222 0.023438 0.050000
1 0.374512 0.562963 0.034180 0.081481
1 0.506348 0.521296 0.024414 0.061111
1 0.545898 0.534259 0.023438 0.061111
1 0.583984 0.518519 0.027344 0.062963
1 0.498047 0.725926 0.029297 0.092593
1 0.550781 0.720370 0.033203 0.100000
1 0.974609 0.268519 0.041016 0.033333
1 0.980469 0.312037 0.029297 0.042593
1 0.940430 0.262037 0.021484 0.035185
