1 0.558105 0.772222 0.032227 0.111111
1 0.599609 0.673148 0.031250 0.087037
1 0.725098 0.794444 0.041992 0.092593
1 0.734863 0.700926 0.041992 0.083333
1 0.719238 0.552778 0.036133 0.068519
1 0.632324 0.546296 0.026367 0.059259
1 0.548340 0.550926 0.024414 0.061111
1 0.548828 0.444444 0.021484 0.055556
1 0.656738 0.428704 0.020508 0.042593
1 0.507812 0.299074 0.015625 0.031481
1 0.534180 0.313889 0.017578 0.042593
1 0.598145 0.314815 0.016602 0.029630
1 0.510254 0.201852 0.012695 0.025926
1 0.532227 0.178704 0.011719 0.024074
1 0.522461 0.241667 0.013672 0.027778
1 0.552734 0.199074 0.011719 0.024074
1 0.556641 0.242593 0.015625 0.037037
1 0.584473 0.227778 0.012695 0.025926
2 0.523438 0.098148 0.009766 0.029630
