1 0.125488 0.254630 0.026367 0.020370
1 0.069336 0.286111 0.035156 0.020370
0 0.080566 0.320370 0.053711 0.048148
1 0.647949 0.296296 0.014648 0.025926
1 0.701660 0.458333 0.018555 0.038889
1 0.727539 0.503704 0.019531 0.040741
1 0.613770 0.408333 0.018555 0.038889
1 0.597168 0.475926 0.024414 0.044444
1 0.539551 0.529630 0.026367 0.048148
1 0.570801 0.542593 0.026367 0.051852
1 0.584961 0.587963 0.029297 0.057407
1 0.618164 0.574074 0.023438 0.059259
1 0.624512 0.664815 0.030273 0.062963
1 0.597168 0.711111 0.038086 0.074074
1 0.638672 0.759259 0.027344 0.077778
1 0.717285 0.792593 0.032227 0.085185
1 0.604492 0.791667 0.029297 0.079630
1 0.486816 0.801852 0.038086 0.088889
1 0.547852 0.796296 0.029297 0.088889
