0 0.623047 0.262037 0.048828 0.072222
1 0.605957 0.372222 0.038086 0.044444
1 0.645996 0.393519 0.049805 0.038889
1 0.638184 0.426852 0.053711 0.042593
1 0.592773 0.411111 0.050781 0.040741
2 0.036621 0.387037 0.071289 0.051852
1 0.127441 0.414815 0.057617 0.044444
1 0.108398 0.397222 0.050781 0.038889
1 0.159668 0.500926 0.067383 0.046296
1 0.198242 0.437037 0.046875 0.040741
1 0.310547 0.380556 0.052734 0.038889
1 0.238281 0.538889 0.072266 0.051852
1 0.383789 0.392593 0.056641 0.044444
1 0.355469 0.413889 0.048828 0.042593
1 0.388672 0.434259 0.054688 0.042593
1 0.396973 0.487963 0.049805 0.057407
1 0.375000 0.533333 0.068359 0.055556
1 0.510742 0.397222 0.052734 0.038889
1 0.507324 0.462963 0.055664 0.048148
1 0.723145 0.489815 0.061523 0.046296
1 0.656738 0.621296 0.055664 0.075926
1 0.725586 0.391667 0.048828 0.038889
1 0.760742 0.408333 0.056641 0.042593
1 0.748047 0.460185 0.062500 0.042593
1 0.844727 0.387037 0.052734 0.037037
1 0.910156 0.370370 0.052734 0.037037
1 0.499023 0.259259 0.017578 0.029630
1 0.456543 0.258333 0.016602 0.027778
1 0.233887 0.232407 0.020508 0.027778
1 0.256348 0.231481 0.020508 0.025926
1 0.273926 0.262037 0.022461 0.035185
1 0.274902 0.229630 0.016602 0.025926
1 0.293945 0.229630 0.019531 0.025926
1 0.296387 0.258333 0.020508 0.027778
1 0.313965 0.228704 0.016602 0.024074
1 0.316406 0.257407 0.017578 0.029630
1 0.332520 0.229630 0.016602 0.025926
1 0.350586 0.228704 0.017578 0.027778
1 0.339355 0.256481 0.016602 0.027778
1 0.400391 0.228704 0.015625 0.024074
1 0.493652 0.226852 0.012695 0.024074
1 0.477051 0.227778 0.016602 0.025926
1 0.584961 0.225000 0.013672 0.031481
