0 0.486816 0.762963 0.053711 0.274074
1 0.773926 0.786111 0.053711 0.112963
1 0.535156 0.646296 0.031250 0.096296
1 0.573730 0.778704 0.040039 0.112963
1 0.683105 0.609259 0.034180 0.074074
1 0.526367 0.471296 0.021484 0.057407
1 0.528809 0.412963 0.020508 0.051852
1 0.606934 0.416667 0.020508 0.044444
2 0.519043 0.300000 0.018555 0.055556
1 0.569824 0.250926 0.012695 0.024074
1 0.618652 0.242593 0.014648 0.025926
1 0.488281 0.287963 0.013672 0.027778
1 0.506836 0.266667 0.013672 0.029630
1 0.529785 0.248148 0.012695 0.029630
1 0.487793 0.200000 0.010742 0.025926
1 0.517578 0.213889 0.009766 0.024074
1 0.511230 0.185185 0.010742 0.022222
1 0.524414 0.175926 0.009766 0.022222
1 0.544922 0.165741 0.009766 0.020370
1 0.489746 0.162963 0.008789 0.018519
1 0.505371 0.159259 0.008789 0.022222
