0 0.494141 0.353704 0.025391 0.103704
2 0.517090 0.201852 0.014648 0.044444
1 0.526855 0.167593 0.010742 0.020370
1 0.557129 0.182407 0.010742 0.020370
1 0.606445 0.193519 0.011719 0.020370
1 0.522461 0.293519 0.013672 0.031481
1 0.525391 0.348148 0.017578 0.040741
1 0.541992 0.401852 0.019531 0.048148
1 0.587402 0.329630 0.016602 0.033333
1 0.640137 0.375926 0.018555 0.033333
1 0.610840 0.450000 0.022461 0.044444
1 0.483887 0.580556 0.028320 0.075926
3 0.440918 0.679630 0.014648 0.055556
1 0.580566 0.613889 0.026367 0.072222
1 0.602539 0.846296 0.042969 0.122222
1 0.685547 0.642593 0.035156 0.074074
1 0.744629 0.690741 0.045898 0.088889
1 0.492188 0.136111 0.009766 0.016667
1 0.519043 0.141667 0.008789 0.016667
1 0.511230 0.128704 0.008789 0.016667
