3 0.521484 0.524074 0.013672 0.040741
1 0.126465 0.200926 0.026367 0.020370
1 0.247070 0.156481 0.021484 0.031481
0 0.082520 0.266667 0.057617 0.055556
1 0.455566 0.908333 0.047852 0.120370
1 0.601074 0.864815 0.036133 0.107407
1 0.526367 0.735185 0.039062 0.096296
1 0.599121 0.735185 0.030273 0.077778
3 0.756348 0.696296 0.014648 0.051852
1 0.626953 0.648148 0.031250 0.070370
1 0.591309 0.649074 0.038086 0.072222
1 0.544922 0.576852 0.029297 0.068519
1 0.616211 0.523148 0.023438 0.057407
1 0.598633 0.413889 0.023438 0.042593
1 0.604004 0.577778 0.040039 0.062963
1 0.674316 0.156481 0.010742 0.024074
1 0.739746 0.281481 0.014648 0.029630
1 0.721680 0.185185 0.011719 0.022222
1 0.739746 0.173148 0.010742 0.020370
1 0.745117 0.154630 0.011719 0.020370
