2 0.696289 0.350000 0.019531 0.081481
2 0.701172 0.545370 0.017578 0.050000
2 0.452637 0.737037 0.047852 0.111111
1 0.498047 0.781481 0.033203 0.085185
1 0.600098 0.774074 0.028320 0.074074
1 0.599121 0.648148 0.024414 0.051852
1 0.559082 0.662963 0.024414 0.059259
1 0.530762 0.617593 0.024414 0.057407
3 0.475098 0.570370 0.010742 0.033333
3 0.512207 0.548148 0.024414 0.051852
1 0.586426 0.511111 0.020508 0.048148
1 0.569336 0.562963 0.025391 0.051852
1 0.592773 0.594444 0.029297 0.051852
1 0.617188 0.582407 0.021484 0.046296
1 0.565918 0.489815 0.022461 0.046296
1 0.662598 0.475000 0.016602 0.042593
1 0.602539 0.459259 0.019531 0.040741
1 0.547852 0.448148 0.021484 0.040741
1 0.576660 0.365741 0.018555 0.035185
1 0.590820 0.401852 0.021484 0.040741
1 0.607910 0.415741 0.018555 0.038889
1 0.624512 0.389815 0.014648 0.031481
1 0.602539 0.373148 0.013672 0.031481
1 0.609375 0.343519 0.015625 0.031481
1 0.618652 0.317593 0.014648 0.027778
1 0.638672 0.312037 0.011719 0.024074
1 0.625488 0.281481 0.012695 0.022222
1 0.629395 0.259259 0.012695 0.022222
1 0.647461 0.267593 0.011719 0.024074
1 0.674316 0.272222 0.010742 0.022222
1 0.675293 0.250926 0.010742 0.020370
1 0.688477 0.254630 0.011719 0.024074
1 0.708496 0.254630 0.012695 0.031481
1 0.638184 0.225926 0.010742 0.022222
1 0.490234 0.900000 0.041016 0.096296
1 0.957520 0.571296 0.049805 0.046296
1 0.932617 0.535185 0.039062 0.037037
1 0.927246 0.504630 0.041992 0.031481
1 0.907227 0.441667 0.027344 0.035185
0 0.134277 0.287963 0.049805 0.046296
1 0.159180 0.231481 0.023438 0.018519
1 0.186523 0.215741 0.021484 0.016667
1 0.231934 0.217593 0.020508 0.027778
1 0.646484 0.193519 0.009766 0.020370
1 0.680176 0.183333 0.008789 0.018519
1 0.691406 0.191667 0.009766 0.016667
1 0.705566 0.198148 0.008789 0.018519
