1 0.088379 0.196296 0.030273 0.040741
0 0.185547 0.197222 0.041016 0.050000
1 0.270020 0.135185 0.020508 0.022222
1 0.291504 0.359259 0.034180 0.033333
1 0.218750 0.376852 0.037109 0.042593
1 0.246094 0.468519 0.039062 0.051852
1 0.482422 0.697222 0.039062 0.079630
1 0.489258 0.612037 0.029297 0.064815
1 0.473145 0.500000 0.034180 0.055556
1 0.518066 0.513889 0.036133 0.053704
1 0.562012 0.514815 0.034180 0.059259
1 0.540039 0.460185 0.029297 0.050000
1 0.644531 0.287963 0.023438 0.038889
3 0.843750 0.178704 0.005859 0.020370
1 0.822266 0.076852 0.009766 0.016667
1 0.874512 0.089815 0.010742 0.016667
