1 0.720703 0.935185 0.089844 0.077778
1 0.884766 0.740741 0.066406 0.100000
1 0.945801 0.646296 0.071289 0.070370
1 0.885742 0.187963 0.021484 0.031481
1 0.081055 0.662963 0.070312 0.066667
1 0.313477 0.502778 0.044922 0.057407
1 0.481934 0.337037 0.040039 0.037037
1 0.407715 0.397222 0.022461 0.042593
1 0.254395 0.427778 0.028320 0.051852
1 0.354980 0.350926 0.032227 0.050000
1 0.387207 0.352778 0.020508 0.038889
1 0.229492 0.296296 0.023438 0.037037
1 0.293945 0.254630 0.025391 0.027778
1 0.303711 0.227778 0.021484 0.029630
0 0.313965 0.130556 0.026367 0.038889
1 0.382324 0.099074 0.016602 0.020370
1 0.413574 0.093519 0.016602 0.016667
1 0.191895 0.250000 0.020508 0.029630
1 0.116211 0.222222 0.031250 0.025926
1 0.109863 0.138889 0.014648 0.018519
0 0.066895 0.134259 0.030273 0.046296
1 0.148926 0.152778 0.016602 0.024074
1 0.168457 0.174074 0.018555 0.022222
1 0.122070 0.087037 0.011719 0.018519
1 0.142578 0.088889 0.015625 0.025926
1 0.090332 0.085185 0.024414 0.022222
1 0.064941 0.100000 0.014648 0.018519
