1 0.043945 0.655556 0.082031 0.066667
1 0.067871 0.575000 0.071289 0.050000
1 0.034180 0.490741 0.056641 0.051852
1 0.277344 0.372222 0.029297 0.051852
1 0.245117 0.186111 0.029297 0.024074
1 0.339844 0.181481 0.015625 0.025926
1 0.347168 0.145370 0.014648 0.020370
1 0.299316 0.187037 0.014648 0.025926
1 0.277344 0.188889 0.013672 0.029630
1 0.324219 0.218519 0.017578 0.029630
1 0.309082 0.312963 0.016602 0.040741
1 0.387207 0.274074 0.018555 0.033333
1 0.411133 0.325000 0.021484 0.035185
1 0.418457 0.379630 0.038086 0.048148
1 0.447266 0.303704 0.027344 0.033333
1 0.736816 0.881481 0.069336 0.133333
1 0.801758 0.826852 0.076172 0.090741
1 0.871094 0.806481 0.083984 0.101852
1 0.914551 0.298148 0.030273 0.033333
