1 0.907715 0.143519 0.014648 0.027778
2 0.966797 0.080556 0.017578 0.027778
1 0.091797 0.717593 0.074219 0.090741
1 0.437500 0.564815 0.050781 0.062963
1 0.496094 0.460185 0.035156 0.050000
1 0.576172 0.349074 0.041016 0.042593
1 0.451172 0.481481 0.021484 0.051852
1 0.435059 0.430556 0.022461 0.042593
1 0.374512 0.378704 0.036133 0.046296
1 0.380859 0.344444 0.031250 0.040741
1 0.407227 0.327778 0.029297 0.033333
1 0.251465 0.349074 0.028320 0.038889
1 0.081543 0.265741 0.030273 0.027778
1 0.128906 0.242593 0.023438 0.029630
1 0.083496 0.204630 0.020508 0.024074
1 0.052246 0.149074 0.018555 0.024074
1 0.033203 0.108333 0.025391 0.024074
1 0.033691 0.130556 0.018555 0.024074
1 0.130859 0.140741 0.023438 0.029630
1 0.136719 0.169444 0.019531 0.024074
0 0.287109 0.150926 0.035156 0.042593
1 0.347168 0.112963 0.018555 0.018519
1 0.378418 0.106481 0.018555 0.016667
