0 0.594238 0.552778 0.047852 0.179630
1 0.449219 0.125000 0.013672 0.024074
1 0.505371 0.139815 0.010742 0.031481
1 0.520020 0.130556 0.012695 0.024074
1 0.516602 0.175926 0.013672 0.025926
1 0.507812 0.235185 0.015625 0.029630
1 0.455078 0.266667 0.015625 0.044444
1 0.509766 0.306481 0.017578 0.035185
1 0.533691 0.310185 0.016602 0.035185
1 0.562012 0.295370 0.018555 0.038889
1 0.400391 0.304630 0.019531 0.038889
1 0.420410 0.325926 0.018555 0.040741
1 0.435547 0.399074 0.023438 0.061111
1 0.484863 0.343519 0.020508 0.046296
1 0.509277 0.387037 0.020508 0.044444
1 0.540527 0.411111 0.018555 0.044444
1 0.570801 0.388889 0.022461 0.044444
1 0.504395 0.517593 0.024414 0.057407
1 0.546875 0.528704 0.027344 0.064815
1 0.393555 0.543519 0.027344 0.068519
1 0.312500 0.866667 0.050781 0.133333
1 0.500488 0.787037 0.034180 0.107407
1 0.554688 0.778704 0.033203 0.101852
1 0.618652 0.876852 0.036133 0.116667
1 0.686035 0.374074 0.047852 0.037037
1 0.889160 0.446296 0.049805 0.048148
1 0.938477 0.269444 0.021484 0.031481
1 0.973633 0.275000 0.041016 0.031481
1 0.978516 0.317593 0.029297 0.042593
