2 0.794434 0.492593 0.077148 0.077778
1 0.539062 0.261111 0.023438 0.033333
3 0.311523 0.716667 0.033203 0.044444
3 0.589844 0.689815 0.029297 0.046296
3 0.681152 0.682407 0.026367 0.046296
1 0.489258 0.328704 0.021484 0.050000
1 0.582031 0.395370 0.044922 0.038889
1 0.637207 0.447222 0.049805 0.038889
1 0.681152 0.423148 0.047852 0.038889
1 0.762695 0.393519 0.042969 0.038889
1 0.809570 0.443519 0.050781 0.042593
1 0.892090 0.425000 0.045898 0.035185
1 0.924316 0.521296 0.047852 0.046296
1 0.062988 0.404630 0.061523 0.042593
1 0.171387 0.433333 0.063477 0.044444
1 0.205566 0.400000 0.057617 0.048148
1 0.060059 0.587963 0.079102 0.053704
1 0.103027 0.630556 0.077148 0.057407
1 0.263672 0.578704 0.066406 0.050000
1 0.261230 0.539815 0.065430 0.046296
1 0.273926 0.501852 0.071289 0.044444
1 0.350586 0.490741 0.058594 0.044444
1 0.356445 0.453704 0.056641 0.044444
1 0.424805 0.483333 0.052734 0.048148
1 0.473633 0.557407 0.060547 0.055556
1 0.554688 0.591667 0.066406 0.053704
1 0.564453 0.521296 0.054688 0.046296
1 0.952148 0.449074 0.046875 0.038889
1 0.964355 0.400000 0.041992 0.033333
