2 0.866699 0.273148 0.165039 0.220370
1 0.735840 0.306481 0.063477 0.087037
1 0.570312 0.279630 0.042969 0.074074
1 0.443848 0.293519 0.055664 0.075926
3 0.585938 0.144444 0.009766 0.033333
1 0.630859 0.108333 0.009766 0.016667
1 0.618164 0.115741 0.009766 0.020370
1 0.609863 0.123148 0.010742 0.020370
1 0.637207 0.127778 0.012695 0.018519
1 0.656738 0.129630 0.014648 0.018519
1 0.642578 0.147222 0.017578 0.027778
1 0.680176 0.201852 0.032227 0.051852
1 0.698730 0.181481 0.022461 0.037037
1 0.717285 0.175926 0.022461 0.037037
