1 0.902344 0.852778 0.130859 0.201852
1 0.440918 0.513889 0.041992 0.083333
1 0.425781 0.426852 0.033203 0.057407
1 0.621094 0.457407 0.037109 0.062963
1 0.461914 0.330556 0.025391 0.053704
1 0.494141 0.322222 0.021484 0.048148
1 0.591309 0.344444 0.024414 0.048148
1 0.569336 0.395370 0.027344 0.046296
1 0.629395 0.320370 0.022461 0.037037
1 0.643066 0.285185 0.020508 0.029630
1 0.586914 0.292593 0.019531 0.037037
1 0.612305 0.269444 0.017578 0.027778
1 0.578125 0.239815 0.015625 0.035185
1 0.492188 0.235185 0.013672 0.025926
1 0.515137 0.244444 0.014648 0.022222
1 0.536621 0.225000 0.010742 0.020370
1 0.521973 0.224074 0.010742 0.018519
1 0.574219 0.209259 0.009766 0.018519
1 0.520508 0.204630 0.009766 0.016667
1 0.559082 0.198148 0.008789 0.018519
1 0.606445 0.220370 0.011719 0.018519
