1 0.156738 0.825926 0.145508 0.237037
1 0.819824 0.646296 0.106445 0.148148
1 0.752930 0.887963 0.160156 0.224074
1 0.637207 0.388889 0.049805 0.107407
1 0.724121 0.389815 0.051758 0.068519
1 0.475098 0.250926 0.018555 0.031481
1 0.491211 0.288889 0.023438 0.040741
1 0.571777 0.259259 0.018555 0.033333
1 0.604492 0.255556 0.019531 0.033333
1 0.661621 0.253704 0.022461 0.033333
1 0.608887 0.202778 0.016602 0.035185
1 0.582031 0.205556 0.013672 0.025926
1 0.569824 0.195370 0.010742 0.020370
1 0.525391 0.194444 0.013672 0.022222
1 0.583008 0.184259 0.009766 0.016667
