1 0.265137 0.719444 0.090820 0.164815
1 0.598145 0.749074 0.073242 0.161111
1 0.635742 0.540741 0.058594 0.111111
1 0.606934 0.403704 0.036133 0.070370
1 0.677246 0.394444 0.038086 0.059259
1 0.733398 0.412963 0.046875 0.066667
1 0.501465 0.275926 0.020508 0.033333
1 0.595215 0.277778 0.024414 0.051852
1 0.652344 0.313889 0.027344 0.038889
1 0.629395 0.234259 0.014648 0.024074
1 0.493652 0.245370 0.014648 0.024074
1 0.480469 0.211111 0.027344 0.022222
1 0.503418 0.219444 0.014648 0.027778
1 0.518066 0.223148 0.014648 0.027778
1 0.564453 0.218519 0.013672 0.022222
1 0.584961 0.224074 0.013672 0.022222
1 0.590820 0.188889 0.011719 0.025926
1 0.527832 0.191667 0.008789 0.016667
1 0.574219 0.191667 0.009766 0.016667
