1 0.718262 0.887037 0.127930 0.225926
1 0.813965 0.612037 0.083008 0.135185
1 0.426758 0.360185 0.033203 0.057407
1 0.441895 0.447222 0.041992 0.075926
1 0.641602 0.537963 0.060547 0.109259
1 0.724121 0.477778 0.053711 0.081481
1 0.610840 0.318519 0.032227 0.070370
1 0.683594 0.347222 0.035156 0.050000
1 0.515625 0.227778 0.015625 0.025926
1 0.568359 0.236111 0.015625 0.027778
1 0.594238 0.236111 0.016602 0.027778
1 0.644043 0.242593 0.016602 0.025926
1 0.599609 0.194444 0.015625 0.029630
1 0.578125 0.195370 0.011719 0.020370
1 0.567383 0.189815 0.009766 0.016667
1 0.508301 0.204630 0.010742 0.020370
1 0.514648 0.188889 0.011719 0.022222
1 0.526367 0.192593 0.011719 0.022222
1 0.480469 0.200926 0.027344 0.020370
