1 0.460938 0.424074 0.087891 0.148148
1 0.916016 0.618519 0.167969 0.248148
1 0.502930 0.186111 0.027344 0.042593
1 0.573242 0.191667 0.027344 0.046296
1 0.721191 0.259259 0.051758 0.077778
1 0.762695 0.235185 0.046875 0.059259
1 0.733398 0.177778 0.029297 0.040741
1 0.658203 0.165741 0.025391 0.035185
1 0.615723 0.129630 0.012695 0.022222
1 0.628418 0.120370 0.012695 0.025926
1 0.643066 0.138889 0.016602 0.025926
1 0.669434 0.140741 0.018555 0.025926
1 0.639160 0.112037 0.010742 0.020370
3 0.584961 0.123148 0.007812 0.024074
