0 0.064453 0.405556 0.115234 0.074074
2 0.825195 0.307407 0.042969 0.066667
1 0.769043 0.357407 0.036133 0.048148
1 0.516602 0.422222 0.033203 0.055556
1 0.047363 0.520370 0.047852 0.051852
1 0.065430 0.565741 0.058594 0.057407
1 0.227539 0.506481 0.046875 0.046296
1 0.217773 0.550926 0.056641 0.053704
1 0.347168 0.538889 0.043945 0.055556
1 0.438477 0.620370 0.035156 0.081481
1 0.499023 0.753704 0.039062 0.092593
1 0.553223 0.634259 0.038086 0.075926
1 0.539062 0.664815 0.041016 0.085185
1 0.562988 0.746296 0.034180 0.088889
1 0.605469 0.837963 0.046875 0.094444
1 0.803711 0.650000 0.039062 0.059259
1 0.819336 0.688889 0.033203 0.062963
2 0.858887 0.772222 0.049805 0.074074
1 0.888184 0.831481 0.045898 0.070370
1 0.923340 0.498148 0.034180 0.062963
1 0.942871 0.495370 0.038086 0.064815
1 0.957031 0.477778 0.037109 0.066667
1 0.986328 0.450926 0.027344 0.075926
