0 0.188477 0.313889 0.107422 0.072222
1 0.047363 0.353704 0.043945 0.033333
1 0.068359 0.440741 0.046875 0.044444
1 0.085449 0.483333 0.047852 0.048148
1 0.236816 0.460185 0.051758 0.057407
1 0.375977 0.461111 0.042969 0.059259
1 0.568848 0.306481 0.032227 0.053704
2 0.756348 0.267593 0.041992 0.057407
1 0.442383 0.527778 0.037109 0.062963
1 0.529297 0.574074 0.033203 0.070370
1 0.545898 0.545370 0.033203 0.064815
1 0.552734 0.640741 0.031250 0.070370
1 0.592285 0.736111 0.040039 0.094444
1 0.672363 0.949074 0.049805 0.101852
1 0.687500 0.304630 0.033203 0.046296
1 0.975586 0.372222 0.035156 0.059259
1 0.943848 0.398148 0.034180 0.051852
1 0.924805 0.405556 0.041016 0.062963
1 0.912109 0.419444 0.039062 0.061111
1 0.785645 0.561111 0.040039 0.062963
1 0.803223 0.596296 0.038086 0.059259
2 0.835938 0.668519 0.050781 0.077778
1 0.866699 0.725000 0.043945 0.068519
1 0.963379 0.925000 0.045898 0.087037
