1 0.368164 0.307407 0.041016 0.059259
1 0.488770 0.344444 0.034180 0.062963
1 0.484863 0.437963 0.034180 0.075926
1 0.500000 0.607407 0.025391 0.096296
1 0.525391 0.587037 0.027344 0.100000
1 0.559082 0.538889 0.030273 0.081481
1 0.583008 0.515741 0.033203 0.079630
1 0.562988 0.620370 0.024414 0.077778
1 0.582520 0.734259 0.032227 0.098148
1 0.542969 0.787963 0.023438 0.098148
2 0.876953 0.843519 0.066406 0.079630
1 0.844727 0.684259 0.050781 0.053704
1 0.855957 0.737037 0.051758 0.059259
1 0.874512 0.324074 0.047852 0.051852
1 0.602051 0.918519 0.036133 0.133333
1 0.896484 0.914815 0.058594 0.066667
