1 0.103027 0.489815 0.053711 0.053704
1 0.303223 0.404630 0.047852 0.053704
1 0.295410 0.466667 0.047852 0.044444
1 0.412598 0.454630 0.045898 0.064815
1 0.402832 0.491667 0.043945 0.057407
1 0.480957 0.520370 0.028320 0.070370
1 0.499023 0.625000 0.037109 0.079630
1 0.556641 0.560185 0.037109 0.075926
1 0.539062 0.591667 0.037109 0.083333
1 0.564941 0.672222 0.032227 0.077778
1 0.607910 0.771296 0.038086 0.087037
1 0.556152 0.876852 0.041992 0.098148
1 0.664062 0.937963 0.054688 0.112963
1 0.886719 0.156481 0.033203 0.050000
1 0.908203 0.187037 0.031250 0.048148
2 0.956543 0.138889 0.036133 0.066667
1 0.976562 0.397222 0.035156 0.072222
1 0.958496 0.407407 0.040039 0.077778
1 0.940430 0.417593 0.037109 0.075926
1 0.810059 0.578704 0.043945 0.064815
1 0.825684 0.620370 0.043945 0.066667
2 0.865723 0.704630 0.049805 0.072222
1 0.892090 0.755556 0.049805 0.070370
