1 0.188477 0.506481 0.070312 0.212963
1 0.294922 0.465741 0.082031 0.209259
1 0.811035 0.670370 0.159180 0.255556
1 0.536621 0.500926 0.137695 0.161111
1 0.629883 0.244444 0.085938 0.125926
1 0.948242 0.223148 0.103516 0.109259
1 0.482910 0.380556 0.112305 0.157407
1 0.560547 0.326852 0.083984 0.135185
1 0.196777 0.261111 0.053711 0.144444
1 0.203613 0.125926 0.040039 0.100000
1 0.261719 0.200000 0.042969 0.107407
1 0.381836 0.278704 0.080078 0.127778
1 0.334961 0.205556 0.064453 0.107407
1 0.308105 0.128704 0.038086 0.090741
2 0.292969 0.059259 0.037109 0.100000
