1 0.704102 0.677778 0.060547 0.111111
2 0.895020 0.630556 0.202148 0.342593
1 0.658203 0.555556 0.042969 0.070370
1 0.487305 0.404630 0.025391 0.057407
1 0.482910 0.311111 0.018555 0.040741
1 0.443359 0.263889 0.015625 0.035185
1 0.578613 0.315741 0.016602 0.035185
1 0.606934 0.393519 0.030273 0.053704
2 0.735840 0.389815 0.061523 0.116667
1 0.696777 0.357407 0.028320 0.037037
1 0.679199 0.335185 0.030273 0.040741
1 0.778320 0.389815 0.027344 0.064815
1 0.777832 0.487037 0.041992 0.070370
1 0.817871 0.440741 0.041992 0.048148
