1 0.173828 0.430556 0.041016 0.038889
1 0.167969 0.466667 0.042969 0.044444
1 0.697266 0.676852 0.037109 0.079630
1 0.768555 0.705556 0.046875 0.074074
0 0.569824 0.342593 0.040039 0.059259
1 0.557129 0.509259 0.026367 0.059259
1 0.832031 0.939815 0.072266 0.120370
1 0.930664 0.811111 0.064453 0.096296
1 0.694824 0.606481 0.041992 0.061111
1 0.619141 0.521296 0.035156 0.057407
1 0.651855 0.552778 0.026367 0.050000
1 0.500488 0.425926 0.024414 0.040741
2 0.563965 0.365741 0.020508 0.046296
1 0.459961 0.322222 0.017578 0.029630
1 0.514648 0.308333 0.013672 0.027778
1 0.488281 0.342593 0.017578 0.033333
1 0.576172 0.411111 0.023438 0.040741
1 0.551758 0.473148 0.025391 0.057407
1 0.555664 0.454630 0.019531 0.035185
