2 0.147461 0.555556 0.068359 0.077778
1 0.556152 0.925000 0.079102 0.087037
0 0.525879 0.505556 0.102539 0.166667
1 0.600586 0.543519 0.056641 0.083333
1 0.668457 0.467593 0.049805 0.064815
0 0.738281 0.425000 0.105469 0.131481
1 0.744629 0.656481 0.067383 0.116667
1 0.735840 0.575926 0.061523 0.074074
1 0.812012 0.550926 0.059570 0.075926
1 0.825684 0.607407 0.071289 0.081481
1 0.815430 0.649074 0.058594 0.087037
1 0.483398 0.412037 0.037109 0.053704
1 0.519531 0.348148 0.035156 0.048148
1 0.556641 0.349074 0.039062 0.053704
1 0.314941 0.323148 0.028320 0.061111
1 0.273926 0.202778 0.024414 0.038889
1 0.246582 0.154630 0.020508 0.035185
