1 0.102051 0.453704 0.047852 0.044444
1 0.326172 0.437963 0.035156 0.046296
1 0.571777 0.500926 0.032227 0.050000
1 0.530762 0.406481 0.024414 0.050000
0 0.724609 0.776852 0.125000 0.227778
0 0.631836 0.382407 0.060547 0.094444
1 0.651367 0.536111 0.044922 0.068519
1 0.693359 0.575000 0.037109 0.064815
2 0.699219 0.491667 0.046875 0.072222
1 0.805664 0.644444 0.056641 0.074074
1 0.810547 0.693519 0.056641 0.075926
1 0.824707 0.811111 0.059570 0.096296
1 0.975586 0.899074 0.048828 0.105556
1 0.437500 0.341667 0.017578 0.042593
1 0.495605 0.314815 0.020508 0.033333
1 0.568359 0.367593 0.025391 0.035185
1 0.565430 0.392593 0.027344 0.044444
1 0.609863 0.440741 0.032227 0.048148
1 0.395996 0.280556 0.016602 0.027778
1 0.401855 0.262037 0.016602 0.031481
