1 0.135254 0.660185 0.143555 0.120370
1 0.283203 0.284259 0.046875 0.083333
1 0.261719 0.116667 0.025391 0.040741
1 0.279785 0.183333 0.032227 0.055556
1 0.330078 0.216667 0.037109 0.066667
1 0.447754 0.245370 0.057617 0.057407
1 0.397461 0.469444 0.064453 0.112963
1 0.375977 0.585185 0.115234 0.125926
1 0.561035 0.560185 0.106445 0.112963
1 0.382324 0.791667 0.143555 0.153704
1 0.711426 0.565741 0.096680 0.124074
1 0.561523 0.310185 0.064453 0.087037
1 0.745117 0.319444 0.062500 0.079630
1 0.874023 0.242593 0.052734 0.070370
1 0.929688 0.247222 0.046875 0.072222
1 0.945801 0.376852 0.067383 0.087037
