2 0.068848 0.564815 0.073242 0.092593
0 0.604492 0.568519 0.103516 0.170370
0 0.720703 0.416667 0.091797 0.118519
1 0.697754 0.550000 0.053711 0.070370
1 0.711914 0.653704 0.058594 0.096296
1 0.754883 0.907407 0.074219 0.103704
1 0.765625 0.611111 0.054688 0.070370
1 0.831055 0.607407 0.060547 0.081481
1 0.709961 0.476852 0.042969 0.057407
1 0.712402 0.514815 0.051758 0.062963
1 0.595215 0.396296 0.036133 0.051852
1 0.361816 0.355556 0.022461 0.059259
1 0.391113 0.277778 0.024414 0.048148
1 0.483887 0.297222 0.024414 0.038889
1 0.503906 0.292593 0.023438 0.044444
