1 0.512695 0.496296 0.066406 0.096296
2 0.107910 0.868519 0.122070 0.144444
2 0.160645 0.575926 0.084961 0.122222
2 0.052246 0.465741 0.051758 0.105556
1 0.028320 0.405556 0.033203 0.062963
1 0.090820 0.347222 0.035156 0.053704
1 0.845215 0.552778 0.051758 0.098148
1 0.921875 0.432407 0.035156 0.072222
1 0.599609 0.284259 0.044922 0.075926
1 0.708008 0.354630 0.050781 0.075926
1 0.698242 0.229630 0.042969 0.070370
1 0.725586 0.150000 0.031250 0.059259
1 0.901367 0.117593 0.035156 0.068519
1 0.917969 0.022222 0.029297 0.037037
