1 0.510254 0.768519 0.022461 0.048148
1 0.545410 0.743519 0.020508 0.046296
1 0.637695 0.555556 0.013672 0.029630
1 0.563965 0.520370 0.012695 0.025926
1 0.577637 0.529630 0.012695 0.022222
2 0.572754 0.445370 0.020508 0.046296
1 0.578125 0.473148 0.011719 0.020370
1 0.594727 0.475000 0.011719 0.024074
1 0.600098 0.434259 0.010742 0.024074
1 0.656250 0.397222 0.009766 0.020370
1 0.642090 0.419444 0.008789 0.016667
1 0.626465 0.377778 0.008789 0.011111
1 0.634277 0.362037 0.006836 0.012963
1 0.641113 0.365741 0.006836 0.012963
