1 0.462402 0.846296 0.038086 0.125926
1 0.518066 0.800000 0.038086 0.103704
1 0.098145 0.869444 0.090820 0.075926
1 0.125000 0.802778 0.085938 0.075926
1 0.051758 0.675926 0.062500 0.096296
0 0.563477 0.255556 0.113281 0.081481
1 0.380371 0.325926 0.045898 0.040741
1 0.389648 0.297222 0.041016 0.035185
1 0.450195 0.229630 0.019531 0.040741
1 0.498047 0.178704 0.019531 0.042593
1 0.521973 0.296296 0.045898 0.037037
1 0.632812 0.308333 0.044922 0.042593
1 0.350098 0.095370 0.028320 0.031481
1 0.073730 0.372222 0.051758 0.044444
1 0.106934 0.338889 0.051758 0.040741
1 0.165039 0.319444 0.050781 0.038889
1 0.174805 0.352778 0.050781 0.046296
1 0.146973 0.379630 0.053711 0.040741
1 0.159668 0.418519 0.059570 0.059259
1 0.230469 0.396296 0.050781 0.051852
1 0.246582 0.362963 0.045898 0.040741
2 0.266113 0.325926 0.057617 0.066667
1 0.577637 0.197222 0.034180 0.038889
1 0.785645 0.376852 0.063477 0.053704
1 0.851074 0.363889 0.057617 0.053704
1 0.790527 0.328704 0.055664 0.046296
1 0.698730 0.337037 0.047852 0.044444
1 0.021973 0.362037 0.041992 0.046296
1 0.037109 0.325000 0.048828 0.046296
