1 0.092773 0.628704 0.037109 0.072222
1 0.391113 0.954630 0.041992 0.090741
1 0.483398 0.944444 0.041016 0.096296
1 0.497070 0.715741 0.027344 0.105556
1 0.678223 0.789815 0.034180 0.101852
1 0.461914 0.420370 0.021484 0.059259
1 0.476074 0.548148 0.022461 0.074074
1 0.509766 0.579630 0.023438 0.074074
1 0.514160 0.491667 0.022461 0.068519
1 0.509277 0.370370 0.020508 0.051852
1 0.663086 0.434259 0.023438 0.061111
1 0.619141 0.265741 0.017578 0.038889
1 0.524414 0.027778 0.009766 0.025926
1 0.507324 0.074074 0.008789 0.029630
1 0.522949 0.100000 0.012695 0.029630
1 0.547852 0.081481 0.011719 0.029630
1 0.538086 0.120370 0.011719 0.029630
1 0.553711 0.122222 0.013672 0.033333
1 0.585449 0.032407 0.010742 0.024074
1 0.597168 0.012037 0.010742 0.020370
1 0.599121 0.042593 0.008789 0.029630
1 0.762695 0.188889 0.029297 0.033333
1 0.963379 0.463889 0.049805 0.046296
2 0.958008 0.275000 0.042969 0.057407
