2 0.491699 0.215741 0.018555 0.053704
1 0.460449 0.408333 0.020508 0.061111
1 0.514648 0.305556 0.017578 0.040741
1 0.474609 0.531481 0.023438 0.066667
1 0.418945 0.768519 0.033203 0.100000
1 0.509277 0.803704 0.026367 0.107407
1 0.553223 0.895370 0.034180 0.127778
1 0.642578 0.592593 0.025391 0.066667
1 0.659180 0.418519 0.021484 0.051852
1 0.903320 0.608333 0.046875 0.053704
1 0.875488 0.548148 0.055664 0.055556
1 0.855469 0.465741 0.046875 0.046296
1 0.804688 0.329630 0.041016 0.040741
1 0.790527 0.155556 0.022461 0.029630
2 0.712891 0.096296 0.033203 0.029630
1 0.727051 0.146296 0.024414 0.029630
1 0.523926 0.047222 0.012695 0.031481
1 0.549316 0.081481 0.012695 0.029630
1 0.604492 0.146296 0.011719 0.025926
1 0.597168 0.068519 0.010742 0.025926
1 0.583496 0.038889 0.010742 0.025926
1 0.594727 0.026852 0.011719 0.024074
1 0.569336 0.012037 0.009766 0.020370
1 0.789551 0.082407 0.022461 0.020370
1 0.819336 0.086111 0.019531 0.020370
