1 0.465332 0.525926 0.024414 0.077778
1 0.516113 0.944444 0.034180 0.111111
1 0.691406 0.962037 0.041016 0.075926
1 0.606934 0.494444 0.022461 0.059259
1 0.654297 0.450926 0.021484 0.053704
1 0.648438 0.651852 0.029297 0.077778
2 0.470215 0.247222 0.016602 0.050000
1 0.553711 0.044444 0.009766 0.018519
1 0.567383 0.050926 0.009766 0.020370
1 0.577637 0.036111 0.010742 0.020370
1 0.581543 0.084259 0.008789 0.024074
1 0.596191 0.072222 0.010742 0.022222
2 0.749512 0.262037 0.043945 0.042593
1 0.828613 0.325926 0.032227 0.033333
1 0.779785 0.364815 0.038086 0.033333
1 0.868164 0.377778 0.035156 0.037037
1 0.849121 0.235185 0.032227 0.025926
1 0.890137 0.248148 0.030273 0.025926
1 0.880371 0.578704 0.055664 0.046296
1 0.913086 0.666667 0.050781 0.059259
1 0.951172 0.791667 0.070312 0.061111
