1 0.481445 0.538889 0.025391 0.077778
1 0.520020 0.460185 0.022461 0.064815
1 0.549805 0.421296 0.021484 0.068519
1 0.569336 0.582407 0.027344 0.083333
1 0.662109 0.433333 0.023438 0.055556
1 0.651367 0.661111 0.029297 0.081481
1 0.831055 0.416667 0.042969 0.044444
1 0.817383 0.361111 0.037109 0.037037
1 0.853027 0.459259 0.041992 0.037037
1 0.465820 0.385185 0.021484 0.051852
1 0.500488 0.270370 0.014648 0.048148
1 0.604980 0.183333 0.014648 0.033333
2 0.508301 0.093519 0.014648 0.042593
1 0.490723 0.200926 0.014648 0.038889
1 0.529297 0.145370 0.013672 0.035185
1 0.585449 0.037963 0.010742 0.020370
1 0.596680 0.019444 0.009766 0.020370
2 0.703125 0.058333 0.029297 0.031481
1 0.714844 0.103704 0.023438 0.022222
1 0.599609 0.061111 0.009766 0.025926
