1 0.420410 0.741667 0.032227 0.098148
1 0.429688 0.956481 0.033203 0.087037
1 0.487793 0.912963 0.034180 0.118519
1 0.472168 0.643519 0.030273 0.087037
1 0.499023 0.728704 0.033203 0.101852
1 0.662109 0.735185 0.033203 0.100000
1 0.811523 0.345370 0.037109 0.035185
1 0.794922 0.314815 0.039062 0.037037
1 0.785645 0.267593 0.032227 0.031481
1 0.659180 0.437037 0.019531 0.055556
1 0.506348 0.258333 0.016602 0.042593
1 0.529785 0.255556 0.016602 0.044444
1 0.543945 0.205556 0.015625 0.044444
1 0.608398 0.225926 0.013672 0.040741
1 0.551270 0.286111 0.018555 0.053704
1 0.490234 0.192593 0.015625 0.037037
1 0.514160 0.121296 0.012695 0.031481
1 0.508301 0.079630 0.012695 0.029630
1 0.535645 0.046296 0.010742 0.029630
1 0.583008 0.035185 0.011719 0.022222
1 0.595215 0.017593 0.008789 0.024074
1 0.597656 0.052778 0.011719 0.027778
