2 0.036621 0.472222 0.045898 0.092593
1 0.176270 0.458333 0.030273 0.057407
1 0.231934 0.688889 0.038086 0.092593
1 0.437988 0.882407 0.041992 0.146296
1 0.700195 0.818519 0.039062 0.100000
1 0.583984 0.877778 0.033203 0.118519
1 0.497559 0.755556 0.030273 0.107407
1 0.509766 0.587037 0.025391 0.088889
1 0.458008 0.501852 0.025391 0.077778
1 0.516113 0.475926 0.024414 0.074074
1 0.665527 0.425926 0.024414 0.062963
1 0.627441 0.309259 0.020508 0.051852
1 0.524902 0.388889 0.016602 0.062963
1 0.526367 0.332407 0.019531 0.050000
1 0.502441 0.320370 0.018555 0.051852
1 0.487305 0.231481 0.015625 0.048148
1 0.529785 0.200000 0.014648 0.044444
1 0.544434 0.031481 0.010742 0.029630
1 0.560059 0.025000 0.010742 0.027778
1 0.588379 0.036111 0.010742 0.020370
1 0.603027 0.038889 0.008789 0.022222
