1 0.397949 0.861111 0.038086 0.118519
1 0.686523 0.858333 0.037109 0.112963
1 0.488770 0.619444 0.026367 0.090741
2 0.461914 0.430556 0.025391 0.087037
1 0.971680 0.808333 0.056641 0.057407
1 0.935059 0.725000 0.065430 0.061111
1 0.903809 0.605556 0.049805 0.059259
1 0.632812 0.539815 0.023438 0.061111
1 0.653809 0.406481 0.020508 0.050000
1 0.510254 0.129630 0.012695 0.029630
1 0.540039 0.200000 0.013672 0.037037
1 0.591309 0.071296 0.008789 0.024074
1 0.604492 0.111111 0.011719 0.025926
1 0.575195 0.039815 0.009766 0.020370
1 0.562500 0.017593 0.009766 0.020370
1 0.586914 0.025926 0.009766 0.022222
2 0.719727 0.138889 0.033203 0.037037
1 0.737793 0.200000 0.028320 0.025926
1 0.779785 0.175926 0.026367 0.025926
1 0.807129 0.209259 0.026367 0.033333
1 0.799316 0.321296 0.041992 0.035185
1 0.816895 0.364815 0.036133 0.037037
1 0.833008 0.425926 0.048828 0.040741
