1 0.574219 0.484259 0.021484 0.057407
1 0.623047 0.544444 0.025391 0.062963
1 0.737793 0.649074 0.040039 0.061111
1 0.634277 0.900926 0.034180 0.105556
1 0.854492 0.675926 0.060547 0.055556
1 0.916504 0.598148 0.047852 0.048148
1 0.902832 0.564815 0.045898 0.044444
2 0.796875 0.482407 0.062500 0.061111
1 0.925781 0.429630 0.044922 0.037037
1 0.783691 0.432407 0.040039 0.038889
1 0.980957 0.449074 0.038086 0.046296
1 0.373047 0.158333 0.021484 0.031481
1 0.492188 0.092593 0.011719 0.029630
1 0.536621 0.099074 0.010742 0.027778
1 0.564941 0.096296 0.010742 0.025926
1 0.551758 0.061111 0.009766 0.022222
1 0.562500 0.050000 0.007812 0.018519
1 0.577637 0.059259 0.008789 0.022222
1 0.538086 0.048148 0.007812 0.022222
1 0.538086 0.070370 0.009766 0.022222
1 0.545898 0.016667 0.007812 0.022222
1 0.561523 0.019444 0.009766 0.020370
2 0.850586 0.280556 0.042969 0.042593
1 0.916016 0.404630 0.037109 0.035185
