1 0.032227 0.695370 0.062500 0.101852
1 0.103516 0.823148 0.089844 0.079630
1 0.074707 0.896296 0.100586 0.081481
1 0.439941 0.799074 0.034180 0.120370
1 0.497070 0.821296 0.039062 0.120370
1 0.777832 0.365741 0.055664 0.053704
1 0.882812 0.359259 0.052734 0.059259
1 0.485840 0.186111 0.020508 0.042593
1 0.437500 0.238889 0.023438 0.033333
1 0.416016 0.291667 0.042969 0.038889
1 0.456543 0.340741 0.053711 0.048148
0 0.521484 0.260185 0.111328 0.075926
1 0.565430 0.208333 0.033203 0.038889
1 0.501465 0.325000 0.043945 0.038889
1 0.571777 0.313889 0.049805 0.038889
1 0.604492 0.355556 0.050781 0.048148
2 0.292969 0.347222 0.060547 0.064815
1 0.270020 0.450926 0.055664 0.050000
1 0.252930 0.409259 0.050781 0.040741
1 0.233398 0.375926 0.044922 0.040741
1 0.195801 0.341667 0.049805 0.038889
1 0.158203 0.365741 0.052734 0.042593
1 0.130859 0.395370 0.052734 0.042593
1 0.055664 0.383333 0.052734 0.044444
1 0.088867 0.354630 0.050781 0.042593
1 0.126465 0.271296 0.040039 0.031481
1 0.279785 0.272222 0.041992 0.037037
1 0.022949 0.275926 0.043945 0.033333
1 0.021973 0.337963 0.041992 0.038889
1 0.014160 0.372222 0.026367 0.044444
1 0.196289 0.114815 0.025391 0.029630
1 0.338867 0.106481 0.029297 0.031481
