1 0.137207 0.886111 0.041992 0.038889
1 0.164062 0.842593 0.039062 0.040741
1 0.209961 0.749074 0.035156 0.031481
1 0.297852 0.749074 0.035156 0.031481
1 0.238281 0.691667 0.031250 0.027778
1 0.249023 0.667593 0.031250 0.024074
1 0.456055 0.790741 0.023438 0.055556
1 0.568848 0.887963 0.016602 0.061111
1 0.594238 0.813889 0.018555 0.050000
1 0.489258 0.733333 0.017578 0.048148
1 0.472168 0.681481 0.016602 0.048148
0 0.437988 0.608333 0.032227 0.098148
1 0.479004 0.602778 0.014648 0.038889
1 0.484863 0.535185 0.010742 0.033333
1 0.522949 0.519444 0.012695 0.031481
1 0.498535 0.582407 0.014648 0.038889
1 0.496582 0.637037 0.016602 0.044444
1 0.498047 0.687037 0.015625 0.044444
1 0.573242 0.608333 0.013672 0.038889
1 0.606445 0.689815 0.019531 0.042593
1 0.565918 0.743519 0.016602 0.046296
1 0.453613 0.437037 0.020508 0.022222
1 0.493164 0.439815 0.011719 0.027778
1 0.497559 0.400926 0.008789 0.024074
1 0.507324 0.467593 0.010742 0.027778
1 0.511719 0.404630 0.009766 0.020370
1 0.503418 0.352778 0.008789 0.016667
1 0.549805 0.391667 0.007812 0.020370
1 0.511719 0.385185 0.009766 0.018519
1 0.509766 0.444444 0.009766 0.022222
1 0.510254 0.423148 0.010742 0.024074
2 0.721191 0.522222 0.036133 0.029630
2 0.732422 0.581481 0.029297 0.029630
1 0.758301 0.636111 0.034180 0.035185
1 0.769531 0.671296 0.033203 0.027778
1 0.777344 0.693519 0.037109 0.031481
1 0.777832 0.747222 0.038086 0.031481
2 0.782715 0.825000 0.047852 0.038889
1 0.792969 0.796296 0.046875 0.040741
2 0.884277 0.741667 0.055664 0.046296
2 0.913086 0.802778 0.044922 0.046296
2 0.820801 0.613889 0.043945 0.031481
1 0.802734 0.572222 0.029297 0.025926
1 0.774414 0.508333 0.029297 0.020370
