1 0.037109 0.052778 0.046875 0.068519
1 0.007812 0.194444 0.013672 0.077778
1 0.051758 0.392593 0.031250 0.103704
1 0.082520 0.387963 0.028320 0.094444
1 0.109375 0.381481 0.031250 0.092593
1 0.145996 0.377778 0.034180 0.088889
1 0.142578 0.245370 0.056641 0.050000
1 0.149902 0.153704 0.045898 0.044444
1 0.152344 0.051852 0.050781 0.051852
1 0.449707 0.061111 0.026367 0.100000
1 0.583984 0.045370 0.021484 0.075926
1 0.381348 0.374074 0.024414 0.096296
1 0.285645 0.669444 0.053711 0.064815
1 0.414551 0.346296 0.024414 0.100000
1 0.451172 0.346296 0.023438 0.088889
1 0.506348 0.286111 0.038086 0.094444
1 0.527832 0.408333 0.038086 0.087037
1 0.409180 0.591667 0.027344 0.098148
1 0.593262 0.485185 0.028320 0.088889
1 0.562500 0.572222 0.027344 0.111111
1 0.488770 0.720370 0.034180 0.100000
1 0.364258 0.899074 0.027344 0.090741
1 0.398438 0.808333 0.027344 0.120370
1 0.506348 0.867593 0.026367 0.105556
1 0.546875 0.952778 0.029297 0.094444
1 0.552734 0.773148 0.027344 0.101852
1 0.586426 0.847222 0.032227 0.109259
1 0.647461 0.787037 0.037109 0.096296
1 0.768066 0.504630 0.051758 0.064815
1 0.805176 0.413889 0.051758 0.053704
1 0.859863 0.460185 0.041992 0.053704
1 0.834961 0.352778 0.054688 0.061111
1 0.917969 0.319444 0.052734 0.050000
1 0.983398 0.287963 0.033203 0.057407
1 0.937012 0.151852 0.028320 0.092593
3 0.820312 0.042593 0.050781 0.040741
3 0.630371 0.925926 0.012695 0.051852
