1 0.212402 0.650000 0.028320 0.022222
2 0.394531 0.566667 0.025391 0.081481
1 0.435547 0.519444 0.011719 0.031481
1 0.450684 0.509259 0.010742 0.025926
1 0.432617 0.574074 0.011719 0.029630
1 0.451172 0.559259 0.013672 0.033333
1 0.424316 0.639815 0.014648 0.038889
1 0.452148 0.606481 0.013672 0.035185
1 0.445801 0.663889 0.012695 0.042593
1 0.525391 0.635185 0.013672 0.029630
1 0.398438 0.840741 0.019531 0.059259
1 0.514648 0.736111 0.015625 0.046296
1 0.557129 0.729630 0.018555 0.044444
1 0.549316 0.945370 0.022461 0.068519
1 0.270508 0.689815 0.035156 0.031481
1 0.129883 0.814815 0.039062 0.033333
1 0.151855 0.775926 0.038086 0.029630
2 0.093750 0.946296 0.052734 0.096296
2 0.690918 0.705556 0.040039 0.033333
2 0.775879 0.636111 0.045898 0.038889
2 0.729004 0.544444 0.036133 0.029630
1 0.691406 0.609259 0.033203 0.025926
1 0.689941 0.650000 0.032227 0.025926
1 0.440918 0.450000 0.010742 0.025926
1 0.472168 0.467593 0.012695 0.024074
1 0.525391 0.491667 0.023438 0.024074
1 0.496582 0.405556 0.010742 0.018519
1 0.457520 0.425926 0.008789 0.018519
1 0.444824 0.385185 0.008789 0.018519
1 0.459473 0.409259 0.008789 0.022222
1 0.500488 0.320370 0.008789 0.014815
2 0.797363 0.680556 0.036133 0.035185
2 0.648438 0.478704 0.031250 0.024074
2 0.656250 0.525000 0.023438 0.024074
1 0.676270 0.567593 0.028320 0.020370
