1 0.634277 0.546296 0.055664 0.103704
1 0.819336 0.936111 0.097656 0.127778
1 0.388184 0.123148 0.014648 0.027778
1 0.429688 0.129630 0.017578 0.037037
1 0.573242 0.326852 0.031250 0.057407
1 0.543457 0.248148 0.024414 0.040741
1 0.566895 0.223148 0.020508 0.042593
1 0.525391 0.200000 0.021484 0.037037
1 0.542969 0.188889 0.019531 0.033333
1 0.558105 0.173148 0.022461 0.031481
2 0.488770 0.122222 0.018555 0.040741
2 0.516602 0.107407 0.017578 0.037037
1 0.486816 0.164815 0.016602 0.033333
1 0.503418 0.157407 0.016602 0.033333
1 0.518555 0.146296 0.017578 0.025926
1 0.527832 0.166667 0.018555 0.029630
1 0.533691 0.137963 0.014648 0.024074
1 0.476074 0.139815 0.014648 0.031481
1 0.405273 0.108333 0.009766 0.020370
1 0.418457 0.094444 0.012695 0.022222
2 0.459473 0.084259 0.014648 0.031481
1 0.451660 0.105556 0.014648 0.022222
1 0.501465 0.118519 0.012695 0.022222
1 0.038574 0.377778 0.075195 0.048148
1 0.021484 0.225000 0.041016 0.027778
1 0.046387 0.200000 0.047852 0.029630
1 0.047363 0.346296 0.073242 0.040741
