0 0.382324 0.175000 0.036133 0.242593
0 0.629883 0.841667 0.050781 0.235185
1 0.419922 0.030556 0.025391 0.057407
1 0.449707 0.051852 0.022461 0.081481
1 0.420410 0.156481 0.022461 0.090741
1 0.482422 0.115741 0.021484 0.079630
1 0.447266 0.268519 0.025391 0.100000
1 0.486816 0.296296 0.022461 0.066667
1 0.818848 0.040741 0.051758 0.044444
1 0.832031 0.347222 0.054688 0.042593
1 0.876953 0.387037 0.054688 0.055556
1 0.915039 0.314815 0.050781 0.051852
1 0.981445 0.286111 0.037109 0.050000
1 0.518555 0.856481 0.027344 0.098148
1 0.544922 0.949074 0.023438 0.101852
1 0.584473 0.912037 0.028320 0.105556
2 0.260254 0.662037 0.073242 0.068519
1 0.056152 0.389815 0.030273 0.101852
1 0.085938 0.381481 0.025391 0.092593
1 0.113770 0.375926 0.028320 0.085185
1 0.151367 0.372222 0.037109 0.096296
1 0.043457 0.050000 0.045898 0.062963
1 0.009277 0.188889 0.016602 0.077778
1 0.148438 0.243519 0.056641 0.046296
1 0.151855 0.190741 0.049805 0.044444
1 0.154297 0.150926 0.046875 0.038889
1 0.158203 0.050000 0.050781 0.044444
1 0.935059 0.151852 0.022461 0.096296
