1 0.035156 0.054630 0.044922 0.061111
1 0.049316 0.388889 0.030273 0.100000
1 0.080078 0.385185 0.025391 0.088889
1 0.107910 0.378704 0.030273 0.087037
1 0.144531 0.375000 0.033203 0.094444
1 0.142578 0.248148 0.052734 0.048148
1 0.448242 0.151852 0.025391 0.100000
1 0.294434 0.672222 0.055664 0.066667
1 0.379395 0.506481 0.022461 0.098148
1 0.411133 0.440741 0.025391 0.103704
1 0.448242 0.454630 0.023438 0.083333
1 0.404785 0.698148 0.030273 0.103704
1 0.395996 0.946296 0.030273 0.107407
1 0.488281 0.724074 0.037109 0.096296
1 0.506348 0.856481 0.026367 0.109259
1 0.549805 0.870370 0.027344 0.114815
1 0.555664 0.682407 0.025391 0.105556
1 0.589355 0.717593 0.026367 0.109259
1 0.660156 0.725926 0.037109 0.092593
1 0.511230 0.300000 0.038086 0.092593
1 0.527832 0.406481 0.036133 0.087037
1 0.565430 0.475000 0.025391 0.109259
1 0.590820 0.356481 0.025391 0.094444
1 0.803711 0.413889 0.056641 0.057407
1 0.899414 0.438889 0.046875 0.051852
1 0.833984 0.350000 0.054688 0.051852
1 0.937500 0.149074 0.025391 0.083333
1 0.818848 0.037963 0.051758 0.053704
1 0.916992 0.319444 0.050781 0.053704
1 0.983887 0.288889 0.032227 0.051852
1 0.146484 0.151852 0.044922 0.048148
2 0.150879 0.049074 0.051758 0.050000
2 0.636719 0.854630 0.015625 0.053704
