1 0.502930 0.789815 0.068359 0.212963
1 0.711914 0.875000 0.082031 0.201852
1 0.293945 0.700000 0.068359 0.166667
1 0.436523 0.651852 0.054688 0.155556
1 0.345215 0.504630 0.053711 0.131481
1 0.406738 0.500926 0.041992 0.098148
1 0.363770 0.402778 0.038086 0.079630
1 0.394531 0.291667 0.025391 0.053704
1 0.421387 0.393519 0.030273 0.072222
1 0.428223 0.298148 0.026367 0.051852
1 0.465820 0.357407 0.031250 0.074074
1 0.587402 0.332407 0.032227 0.057407
1 0.646973 0.363889 0.036133 0.053704
2 0.486816 0.082407 0.014648 0.027778
1 0.503906 0.117593 0.013672 0.024074
1 0.572754 0.132407 0.016602 0.024074
1 0.554688 0.171296 0.017578 0.031481
1 0.578613 0.212963 0.020508 0.033333
1 0.553711 0.219444 0.021484 0.038889
1 0.532715 0.178704 0.016602 0.031481
1 0.410156 0.152778 0.015625 0.027778
1 0.427246 0.127778 0.012695 0.022222
1 0.428223 0.149074 0.014648 0.027778
1 0.453125 0.167593 0.015625 0.031481
1 0.478516 0.180556 0.017578 0.035185
1 0.467773 0.150000 0.013672 0.025926
1 0.482910 0.137037 0.020508 0.025926
1 0.499512 0.148148 0.014648 0.025926
1 0.509277 0.170370 0.018555 0.033333
1 0.522461 0.151852 0.015625 0.025926
1 0.530762 0.134259 0.016602 0.020370
1 0.523926 0.119444 0.012695 0.020370
1 0.445801 0.127778 0.014648 0.025926
1 0.406250 0.101852 0.011719 0.018519
