1 0.301270 0.822222 0.022461 0.040741
1 0.341309 0.694444 0.024414 0.040741
1 0.370117 0.617593 0.019531 0.038889
1 0.381348 0.583333 0.016602 0.033333
1 0.400879 0.558333 0.016602 0.035185
1 0.419922 0.654630 0.035156 0.031481
1 0.577637 0.332407 0.010742 0.020370
1 0.595215 0.353704 0.008789 0.022222
1 0.574707 0.384259 0.008789 0.024074
1 0.583496 0.407407 0.008789 0.022222
1 0.645996 0.453704 0.010742 0.029630
1 0.639160 0.504630 0.010742 0.027778
1 0.641113 0.602778 0.014648 0.035185
1 0.698242 0.584259 0.015625 0.035185
1 0.687988 0.651852 0.018555 0.040741
1 0.668945 0.687037 0.017578 0.048148
1 0.716797 0.680556 0.017578 0.042593
1 0.624023 0.300926 0.015625 0.016667
2 0.938965 0.578704 0.043945 0.035185
1 0.963379 0.629630 0.036133 0.029630
1 0.914062 0.521296 0.023438 0.024074
1 0.661621 0.458333 0.010742 0.024074
1 0.736328 0.966667 0.033203 0.066667
