1 0.182617 0.797222 0.042969 0.042593
1 0.541992 0.729630 0.035156 0.033333
1 0.729004 0.751852 0.032227 0.044444
1 0.563477 0.621296 0.017578 0.035185
1 0.505371 0.572222 0.016602 0.040741
1 0.524414 0.571296 0.013672 0.038889
1 0.529785 0.532407 0.014648 0.031481
1 0.545898 0.508333 0.013672 0.042593
1 0.550781 0.465741 0.009766 0.027778
1 0.539062 0.450926 0.011719 0.027778
1 0.540527 0.403704 0.012695 0.025926
2 0.546875 0.358333 0.013672 0.031481
1 0.558594 0.367593 0.009766 0.020370
1 0.611816 0.344444 0.008789 0.022222
1 0.616699 0.387963 0.010742 0.024074
1 0.600098 0.479630 0.010742 0.025926
1 0.863281 0.810185 0.037109 0.057407
1 0.946777 0.792593 0.051758 0.062963
2 0.833984 0.569444 0.041016 0.046296
2 0.873047 0.594444 0.029297 0.066667
2 0.895020 0.594444 0.026367 0.066667
2 0.942383 0.587037 0.029297 0.062963
2 0.977539 0.585185 0.035156 0.066667
1 0.846680 0.512963 0.027344 0.018519
1 0.844238 0.495370 0.028320 0.020370
1 0.926758 0.512963 0.029297 0.022222
1 0.969238 0.525926 0.034180 0.029630
1 0.881836 0.806481 0.035156 0.053704
1 0.905762 0.802778 0.038086 0.053704
0 0.587891 0.262963 0.017578 0.029630
1 0.132324 0.973148 0.043945 0.053704
