1 0.268555 0.704630 0.078125 0.175926
1 0.505859 0.920370 0.074219 0.159259
3 0.382812 0.282407 0.013672 0.042593
1 0.397949 0.433333 0.038086 0.081481
1 0.452637 0.453704 0.041992 0.111111
1 0.408691 0.348148 0.030273 0.062963
1 0.458008 0.331481 0.027344 0.062963
2 0.613770 0.438889 0.049805 0.111111
1 0.635742 0.295370 0.031250 0.046296
1 0.593262 0.264815 0.026367 0.044444
1 0.552246 0.243519 0.022461 0.053704
1 0.397949 0.242593 0.020508 0.044444
1 0.431152 0.226852 0.022461 0.046296
1 0.464355 0.241667 0.020508 0.046296
1 0.393555 0.137037 0.013672 0.029630
1 0.399414 0.169444 0.017578 0.035185
1 0.420410 0.146296 0.014648 0.029630
1 0.428711 0.180556 0.019531 0.035185
1 0.445801 0.162963 0.018555 0.037037
1 0.476074 0.154630 0.022461 0.027778
1 0.494629 0.168519 0.018555 0.037037
1 0.505371 0.191667 0.018555 0.035185
1 0.507324 0.136111 0.016602 0.027778
1 0.530273 0.185185 0.017578 0.033333
1 0.544434 0.165741 0.018555 0.035185
1 0.528320 0.125000 0.015625 0.024074
1 0.491211 0.118519 0.017578 0.022222
1 0.505859 0.112963 0.013672 0.022222
