0 0.369629 0.613889 0.040039 0.246296
0 0.762695 0.515741 0.119141 0.131481
1 0.418945 0.087963 0.023438 0.101852
1 0.384766 0.199074 0.025391 0.105556
1 0.385742 0.362037 0.023438 0.083333
1 0.414551 0.398148 0.024414 0.100000
1 0.453125 0.364815 0.029297 0.107407
1 0.490234 0.177778 0.027344 0.096296
1 0.502930 0.308333 0.031250 0.098148
1 0.528809 0.200926 0.024414 0.090741
1 0.587891 0.230556 0.025391 0.105556
1 0.554688 0.367593 0.027344 0.101852
1 0.414062 0.654630 0.027344 0.116667
1 0.440430 0.792593 0.027344 0.100000
1 0.558105 0.569444 0.024414 0.105556
1 0.499023 0.779630 0.027344 0.103704
1 0.592285 0.521296 0.024414 0.101852
1 0.652832 0.681481 0.036133 0.092593
1 0.054688 0.387963 0.033203 0.098148
1 0.184570 0.641667 0.056641 0.046296
1 0.085938 0.379630 0.027344 0.096296
1 0.111816 0.378704 0.030273 0.094444
1 0.150391 0.370370 0.039062 0.092593
1 0.145996 0.242593 0.053711 0.048148
1 0.040527 0.048148 0.045898 0.062963
1 0.804199 0.410185 0.051758 0.053704
1 0.835449 0.348148 0.053711 0.051852
1 0.916016 0.320370 0.052734 0.059259
1 0.935059 0.155556 0.030273 0.100000
1 0.982422 0.287037 0.035156 0.051852
1 0.587891 0.774074 0.025391 0.096296
1 0.628906 0.821296 0.031250 0.101852
1 0.505371 0.952778 0.026367 0.094444
1 0.819336 0.044444 0.052734 0.051852
1 0.153320 0.147222 0.042969 0.046296
1 0.154297 0.044444 0.046875 0.044444
