1 0.425293 0.764815 0.049805 0.151852
1 0.372070 0.738889 0.046875 0.096296
1 0.649902 0.679630 0.045898 0.081481
1 0.628418 0.541667 0.032227 0.050000
1 0.489258 0.652778 0.035156 0.079630
1 0.453125 0.582407 0.027344 0.064815
1 0.399902 0.520370 0.020508 0.044444
1 0.429688 0.519444 0.025391 0.050000
1 0.465820 0.493519 0.019531 0.035185
1 0.489746 0.480556 0.016602 0.038889
1 0.538574 0.430556 0.014648 0.027778
1 0.474609 0.431481 0.011719 0.025926
1 0.457520 0.413889 0.010742 0.024074
1 0.448730 0.403704 0.010742 0.022222
1 0.479492 0.404630 0.011719 0.024074
1 0.479492 0.381481 0.007812 0.014815
1 0.208008 0.426852 0.025391 0.024074
1 0.231445 0.424074 0.015625 0.025926
1 0.208984 0.396296 0.015625 0.022222
1 0.965332 0.645370 0.069336 0.064815
1 0.898926 0.594444 0.063477 0.040741
1 0.877930 0.574074 0.050781 0.025926
1 0.854492 0.562037 0.046875 0.038889
1 0.818848 0.537963 0.049805 0.038889
