1 0.342285 0.059259 0.006836 0.014815
1 0.319824 0.093519 0.008789 0.016667
1 0.323242 0.157407 0.007812 0.014815
1 0.344238 0.178704 0.006836 0.016667
1 0.356934 0.165741 0.008789 0.020370
1 0.365723 0.118519 0.006836 0.014815
1 0.378418 0.147222 0.008789 0.016667
1 0.409180 0.191667 0.011719 0.020370
1 0.320312 0.197222 0.007812 0.020370
1 0.311523 0.270370 0.007812 0.029630
2 0.324707 0.287037 0.012695 0.033333
1 0.324219 0.261111 0.007812 0.022222
1 0.338379 0.229630 0.008789 0.022222
2 0.303711 0.399074 0.019531 0.038889
2 0.321289 0.423148 0.015625 0.053704
1 0.312988 0.377778 0.012695 0.022222
1 0.329102 0.314815 0.009766 0.022222
1 0.328125 0.334259 0.011719 0.020370
1 0.334961 0.353704 0.009766 0.025926
1 0.327148 0.374074 0.009766 0.029630
1 0.336914 0.383333 0.009766 0.029630
1 0.339355 0.412963 0.010742 0.029630
1 0.344727 0.441667 0.011719 0.027778
1 0.341797 0.251852 0.009766 0.022222
1 0.347168 0.273148 0.008789 0.020370
1 0.353027 0.299074 0.010742 0.031481
1 0.360352 0.320370 0.009766 0.022222
1 0.363770 0.341667 0.010742 0.024074
1 0.372070 0.365741 0.009766 0.024074
1 0.383301 0.392593 0.010742 0.029630
1 0.353027 0.237037 0.008789 0.018519
1 0.382324 0.243519 0.010742 0.024074
1 0.370117 0.248148 0.009766 0.025926
1 0.356934 0.250000 0.008789 0.018519
1 0.364258 0.267593 0.009766 0.024074
1 0.371582 0.287963 0.008789 0.020370
1 0.377930 0.309259 0.011719 0.029630
1 0.383301 0.335185 0.010742 0.029630
1 0.398438 0.369444 0.011719 0.027778
1 0.405273 0.390741 0.011719 0.029630
1 0.416992 0.266667 0.009766 0.022222
1 0.516602 0.294444 0.011719 0.033333
1 0.545898 0.350926 0.019531 0.024074
1 0.442383 0.756481 0.021484 0.050000
0 0.814453 0.783333 0.070312 0.107407
1 0.388672 0.711111 0.029297 0.077778
1 0.368652 0.636111 0.018555 0.042593
1 0.713379 0.726852 0.024414 0.046296
1 0.584473 0.536111 0.018555 0.035185
1 0.564453 0.549074 0.017578 0.035185
1 0.665527 0.587963 0.020508 0.038889
1 0.658203 0.631481 0.021484 0.040741
1 0.647461 0.658333 0.023438 0.035185
1 0.624512 0.619444 0.022461 0.038889
1 0.605957 0.579630 0.018555 0.037037
1 0.628418 0.569444 0.018555 0.038889
1 0.643555 0.550000 0.017578 0.037037
1 0.661621 0.537037 0.014648 0.037037
1 0.686035 0.581481 0.018555 0.040741
1 0.606445 0.526852 0.015625 0.035185
1 0.634766 0.486111 0.015625 0.027778
1 0.734863 0.275000 0.014648 0.016667
1 0.743164 0.284259 0.015625 0.020370
2 0.824707 0.453704 0.024414 0.044444
1 0.820312 0.410185 0.017578 0.027778
1 0.983887 0.975000 0.032227 0.050000
1 0.932617 0.983333 0.044922 0.033333
