1 0.043457 0.048148 0.045898 0.062963
1 0.009277 0.184259 0.016602 0.072222
1 0.157715 0.043519 0.051758 0.050000
1 0.154785 0.149074 0.045898 0.046296
1 0.148926 0.238889 0.055664 0.055556
1 0.055664 0.380556 0.033203 0.109259
1 0.086426 0.383333 0.024414 0.096296
1 0.113770 0.373148 0.028320 0.094444
1 0.148926 0.367593 0.034180 0.094444
1 0.207031 0.650000 0.056641 0.059259
1 0.374023 0.514815 0.027344 0.100000
2 0.306152 0.420370 0.016602 0.062963
1 0.417969 0.195370 0.027344 0.101852
1 0.451660 0.247222 0.024414 0.094444
1 0.513184 0.301852 0.040039 0.096296
3 0.408203 0.503704 0.037109 0.222222
1 0.443848 0.631481 0.024414 0.100000
1 0.425293 0.932407 0.026367 0.109259
1 0.556152 0.056481 0.028320 0.090741
1 0.557617 0.272222 0.023438 0.088889
1 0.586914 0.169444 0.025391 0.094444
1 0.818848 0.044444 0.049805 0.044444
1 0.935547 0.155556 0.025391 0.096296
1 0.832031 0.352778 0.052734 0.061111
1 0.912109 0.316667 0.054688 0.048148
1 0.981934 0.287963 0.036133 0.050000
1 0.744629 0.495370 0.051758 0.057407
1 0.802246 0.412037 0.055664 0.053704
1 0.909668 0.429630 0.045898 0.059259
1 0.529785 0.410185 0.036133 0.098148
1 0.568359 0.507407 0.027344 0.092593
1 0.485352 0.701852 0.029297 0.103704
1 0.503418 0.825926 0.028320 0.111111
1 0.555664 0.747222 0.029297 0.109259
1 0.590820 0.660185 0.025391 0.101852
1 0.590820 0.864815 0.029297 0.100000
