0 0.714355 0.807407 0.049805 0.100000
2 0.729980 0.908333 0.032227 0.061111
1 0.435547 0.909259 0.019531 0.048148
1 0.380859 0.835185 0.017578 0.044444
1 0.458496 0.977778 0.024414 0.044444
1 0.602051 0.963889 0.022461 0.057407
1 0.607910 0.766667 0.020508 0.040741
1 0.640625 0.828704 0.021484 0.035185
1 0.644531 0.786111 0.021484 0.046296
1 0.668945 0.782407 0.019531 0.042593
1 0.624023 0.742593 0.017578 0.033333
1 0.638184 0.721296 0.018555 0.031481
1 0.602051 0.696296 0.016602 0.033333
1 0.569336 0.681481 0.017578 0.033333
2 0.314453 0.569444 0.017578 0.038889
2 0.328613 0.602778 0.016602 0.050000
2 0.330078 0.462037 0.011719 0.042593
1 0.347168 0.354630 0.008789 0.020370
1 0.326660 0.395370 0.008789 0.020370
1 0.319336 0.440741 0.007812 0.025926
1 0.322754 0.517593 0.008789 0.035185
1 0.330566 0.426852 0.010742 0.027778
1 0.336914 0.490741 0.009766 0.025926
1 0.336914 0.519444 0.007812 0.027778
1 0.342773 0.553704 0.009766 0.029630
1 0.358398 0.400000 0.007812 0.022222
1 0.363281 0.418519 0.009766 0.022222
0 0.469727 0.418519 0.013672 0.025926
1 0.423340 0.437037 0.010742 0.022222
1 0.443848 0.437037 0.010742 0.022222
1 0.492676 0.472222 0.012695 0.025926
1 0.467773 0.512963 0.011719 0.025926
1 0.430176 0.570370 0.012695 0.029630
1 0.400879 0.535185 0.012695 0.025926
1 0.418945 0.479630 0.009766 0.025926
1 0.390625 0.456481 0.009766 0.024074
1 0.347168 0.406481 0.008789 0.016667
1 0.349121 0.421296 0.008789 0.020370
1 0.353516 0.435185 0.007812 0.018519
1 0.375977 0.454630 0.009766 0.024074
1 0.382812 0.474074 0.007812 0.018519
1 0.367676 0.496296 0.012695 0.025926
1 0.373535 0.521296 0.012695 0.027778
1 0.393555 0.516667 0.009766 0.025926
1 0.382812 0.545370 0.011719 0.031481
1 0.337891 0.251852 0.005859 0.014815
1 0.323730 0.237963 0.006836 0.016667
1 0.328125 0.262963 0.007812 0.018519
1 0.363281 0.281481 0.005859 0.014815
