2 0.406250 0.785185 0.037109 0.237037
3 0.302734 0.560185 0.017578 0.057407
1 0.043945 0.044444 0.046875 0.062963
1 0.084961 0.079630 0.033203 0.092593
1 0.010254 0.181481 0.018555 0.074074
1 0.058105 0.386111 0.030273 0.101852
1 0.088867 0.378704 0.023438 0.090741
1 0.117676 0.375926 0.032227 0.100000
1 0.151367 0.367593 0.031250 0.094444
1 0.149414 0.242593 0.052734 0.048148
1 0.155762 0.150000 0.041992 0.037037
1 0.159668 0.043519 0.049805 0.046296
1 0.420410 0.025000 0.020508 0.046296
1 0.419434 0.175926 0.020508 0.085185
1 0.300781 0.722222 0.048828 0.085185
1 0.360840 0.919444 0.026367 0.105556
1 0.572266 0.112037 0.023438 0.083333
1 0.515137 0.306481 0.034180 0.090741
1 0.414062 0.462037 0.025391 0.101852
1 0.592285 0.281481 0.026367 0.092593
1 0.565430 0.387963 0.025391 0.094444
1 0.531738 0.413889 0.036133 0.090741
1 0.603027 0.482407 0.022461 0.098148
1 0.443848 0.670370 0.026367 0.092593
1 0.481934 0.686111 0.032227 0.094444
1 0.558105 0.686111 0.026367 0.105556
1 0.586426 0.624074 0.028320 0.096296
1 0.503906 0.822222 0.027344 0.107407
2 0.547363 0.910185 0.028320 0.112963
1 0.507324 0.960185 0.026367 0.079630
1 0.588867 0.885185 0.027344 0.103704
1 0.800293 0.413889 0.055664 0.050000
1 0.880371 0.448148 0.051758 0.062963
1 0.831543 0.353704 0.053711 0.055556
1 0.913086 0.325000 0.050781 0.053704
1 0.982910 0.291667 0.034180 0.046296
1 0.936035 0.162963 0.028320 0.088889
1 0.818848 0.045370 0.047852 0.046296
