2 0.285645 0.441667 0.063477 0.127778
2 0.455566 0.300000 0.022461 0.051852
1 0.449219 0.264815 0.009766 0.018519
0 0.431641 0.258333 0.015625 0.038889
1 0.371582 0.419444 0.034180 0.053704
1 0.318848 0.519444 0.053711 0.094444
1 0.382324 0.515741 0.047852 0.087037
1 0.405762 0.439815 0.036133 0.072222
1 0.427246 0.378704 0.018555 0.042593
1 0.415039 0.389815 0.025391 0.035185
1 0.214844 0.687963 0.097656 0.179630
3 0.264648 0.598148 0.031250 0.085185
1 0.341309 0.641667 0.075195 0.142593
1 0.412598 0.668519 0.071289 0.185185
1 0.077637 0.791667 0.153320 0.220370
1 0.092773 0.932407 0.150391 0.135185
