1 0.417480 0.596296 0.053711 0.140741
1 0.479980 0.600926 0.040039 0.094444
1 0.364258 0.579630 0.042969 0.096296
1 0.292969 0.592593 0.056641 0.103704
1 0.391113 0.406481 0.022461 0.038889
1 0.416992 0.403704 0.021484 0.048148
1 0.458496 0.389815 0.018555 0.035185
1 0.449707 0.441667 0.028320 0.046296
1 0.394043 0.507407 0.036133 0.062963
1 0.438965 0.489815 0.030273 0.061111
1 0.481445 0.499074 0.031250 0.064815
1 0.549805 0.300000 0.011719 0.018519
1 0.560547 0.341667 0.017578 0.031481
1 0.462402 0.360185 0.014648 0.035185
1 0.462402 0.331481 0.012695 0.022222
1 0.459961 0.287037 0.009766 0.022222
1 0.447266 0.281481 0.009766 0.014815
