1 0.041992 0.042593 0.046875 0.062963
1 0.012207 0.183333 0.022461 0.081481
1 0.152344 0.143519 0.042969 0.042593
1 0.139648 0.179630 0.025391 0.037037
1 0.146484 0.243519 0.054688 0.038889
1 0.154785 0.040741 0.047852 0.044444
1 0.053711 0.381481 0.031250 0.100000
1 0.085449 0.377778 0.026367 0.092593
1 0.111816 0.370370 0.030273 0.088889
1 0.148926 0.369444 0.032227 0.094444
1 0.558105 0.160185 0.024414 0.083333
1 0.598633 0.135185 0.027344 0.088889
2 0.565918 0.350000 0.026367 0.103704
1 0.515625 0.306481 0.037109 0.090741
1 0.533691 0.415741 0.036133 0.087037
1 0.410156 0.462963 0.023438 0.088889
1 0.411133 0.650000 0.021484 0.088889
3 0.291016 0.838889 0.015625 0.062963
1 0.459961 0.615741 0.037109 0.087037
1 0.498535 0.756481 0.030273 0.098148
1 0.509766 0.889815 0.025391 0.109259
1 0.559570 0.761111 0.025391 0.100000
1 0.587891 0.792593 0.027344 0.103704
1 0.802734 0.409259 0.054688 0.055556
1 0.836426 0.347222 0.055664 0.053704
1 0.917969 0.320370 0.052734 0.059259
1 0.983887 0.289815 0.032227 0.053704
1 0.940430 0.158333 0.025391 0.079630
