1 0.657715 0.416667 0.018555 0.051852
1 0.752930 0.395370 0.017578 0.050000
1 0.928223 0.528704 0.028320 0.057407
1 0.943359 0.485185 0.031250 0.044444
1 0.720703 0.059259 0.007812 0.018519
1 0.729492 0.100000 0.011719 0.022222
1 0.736816 0.059259 0.010742 0.022222
1 0.628906 0.129630 0.009766 0.029630
1 0.661133 0.155556 0.009766 0.022222
1 0.685547 0.159259 0.011719 0.022222
1 0.678711 0.136111 0.009766 0.024074
1 0.656250 0.128704 0.009766 0.024074
1 0.670410 0.175000 0.010742 0.024074
1 0.710449 0.127778 0.008789 0.022222
1 0.611328 0.137963 0.013672 0.024074
