1 0.384277 0.900926 0.102539 0.198148
1 0.263672 0.896296 0.117188 0.207407
1 0.162109 0.881481 0.140625 0.237037
1 0.147461 0.713889 0.121094 0.172222
1 0.257812 0.637963 0.080078 0.161111
1 0.367188 0.609259 0.062500 0.133333
1 0.434082 0.602778 0.063477 0.161111
2 0.347656 0.377778 0.039062 0.081481
1 0.349121 0.477778 0.043945 0.077778
1 0.397461 0.497222 0.041016 0.075926
1 0.416016 0.428704 0.033203 0.068519
1 0.391602 0.387037 0.027344 0.044444
1 0.421875 0.384259 0.021484 0.027778
1 0.433105 0.370370 0.020508 0.048148
2 0.455566 0.287963 0.018555 0.046296
1 0.501465 0.243519 0.008789 0.012963
