0 0.365723 0.689815 0.051758 0.257407
0 0.801758 0.489815 0.121094 0.112963
1 0.819824 0.045370 0.049805 0.053704
1 0.802734 0.412037 0.052734 0.053704
1 0.834473 0.351852 0.053711 0.059259
1 0.916016 0.317593 0.050781 0.064815
1 0.981445 0.288889 0.037109 0.051852
1 0.584961 0.095370 0.023438 0.094444
1 0.526367 0.094444 0.023438 0.088889
1 0.418945 0.153704 0.025391 0.092593
1 0.494141 0.206481 0.027344 0.094444
1 0.555664 0.258333 0.029297 0.098148
1 0.506348 0.318519 0.030273 0.092593
1 0.591797 0.384259 0.025391 0.098148
1 0.558594 0.452778 0.025391 0.098148
1 0.591309 0.677778 0.022461 0.092593
1 0.676270 0.615741 0.041992 0.083333
1 0.637207 0.761111 0.032227 0.100000
1 0.498535 0.756481 0.030273 0.101852
1 0.412109 0.761111 0.023438 0.107407
1 0.453613 0.485185 0.024414 0.103704
1 0.414062 0.493519 0.025391 0.101852
1 0.383789 0.438889 0.025391 0.081481
1 0.386230 0.273148 0.024414 0.105556
1 0.058594 0.387037 0.031250 0.100000
1 0.087891 0.382407 0.027344 0.094444
1 0.115234 0.376852 0.031250 0.087037
1 0.152344 0.372222 0.033203 0.088889
1 0.211914 0.636111 0.054688 0.038889
1 0.044922 0.048148 0.044922 0.062963
1 0.010742 0.190741 0.019531 0.077778
1 0.149902 0.244444 0.053711 0.051852
1 0.156250 0.150926 0.044922 0.050000
1 0.157715 0.049074 0.047852 0.042593
1 0.509766 0.922222 0.025391 0.107407
1 0.431641 0.964815 0.031250 0.070370
