1 0.052734 0.383333 0.031250 0.107407
1 0.083496 0.379630 0.028320 0.103704
1 0.110840 0.372222 0.034180 0.100000
1 0.147461 0.364815 0.035156 0.103704
1 0.040039 0.045370 0.046875 0.068519
1 0.152344 0.041667 0.050781 0.050000
1 0.146484 0.237963 0.054688 0.053704
1 0.151855 0.149074 0.041992 0.050000
1 0.159668 0.645370 0.059570 0.053704
1 0.375977 0.397222 0.027344 0.101852
1 0.418457 0.116667 0.024414 0.103704
1 0.449219 0.112963 0.019531 0.088889
2 0.409180 0.415741 0.033203 0.224074
1 0.446777 0.489815 0.022461 0.094444
1 0.429199 0.787963 0.028320 0.116667
1 0.481934 0.701852 0.032227 0.096296
1 0.501953 0.827778 0.029297 0.107407
1 0.546875 0.868519 0.031250 0.111111
1 0.586914 0.789815 0.029297 0.101852
1 0.562988 0.638889 0.026367 0.100000
1 0.710938 0.523148 0.050781 0.079630
1 0.559082 0.189815 0.024414 0.090741
1 0.590332 0.101852 0.024414 0.092593
1 0.820312 0.040741 0.048828 0.048148
1 0.937500 0.157407 0.029297 0.100000
1 0.801758 0.408333 0.056641 0.053704
1 0.875977 0.444444 0.046875 0.066667
1 0.832031 0.346296 0.052734 0.062963
1 0.914551 0.318519 0.051758 0.055556
1 0.981934 0.286111 0.036133 0.053704
1 0.625488 0.394444 0.022461 0.100000
1 0.511230 0.301852 0.040039 0.096296
1 0.531738 0.411111 0.034180 0.085185
1 0.558105 0.391667 0.020508 0.087037
1 0.589844 0.329630 0.025391 0.096296
3 0.305176 0.365741 0.018555 0.061111
