1 0.646973 0.487963 0.047852 0.090741
1 0.729980 0.538889 0.057617 0.107407
1 0.573242 0.242593 0.023438 0.044444
1 0.594238 0.218519 0.020508 0.044444
1 0.596680 0.307407 0.027344 0.055556
1 0.475098 0.194444 0.018555 0.044444
1 0.427246 0.175000 0.016602 0.035185
1 0.428223 0.136111 0.014648 0.035185
1 0.446777 0.143519 0.012695 0.031481
1 0.465820 0.125926 0.011719 0.022222
1 0.519531 0.161111 0.015625 0.033333
2 0.489258 0.077778 0.015625 0.029630
2 0.520508 0.115741 0.017578 0.035185
2 0.559082 0.100926 0.016602 0.042593
1 0.557129 0.200000 0.020508 0.033333
1 0.533691 0.146296 0.014648 0.033333
1 0.547363 0.137037 0.014648 0.025926
1 0.555176 0.157407 0.016602 0.029630
1 0.568848 0.181481 0.018555 0.029630
1 0.585938 0.169444 0.019531 0.027778
1 0.562500 0.130556 0.013672 0.020370
1 0.510254 0.139815 0.016602 0.027778
1 0.486328 0.112037 0.015625 0.020370
2 0.866211 0.283333 0.076172 0.062963
1 0.423340 0.114815 0.010742 0.022222
1 0.440430 0.107407 0.013672 0.018519
