0 0.375000 0.450926 0.046875 0.242593
1 0.053223 0.382407 0.034180 0.098148
1 0.108398 0.649074 0.062500 0.046296
1 0.083496 0.377778 0.028320 0.100000
1 0.110352 0.370370 0.035156 0.100000
1 0.145020 0.365741 0.038086 0.098148
1 0.038086 0.044444 0.044922 0.062963
1 0.144531 0.238889 0.050781 0.051852
1 0.383789 0.067593 0.023438 0.109259
1 0.385742 0.215741 0.027344 0.087037
1 0.415527 0.217593 0.028320 0.105556
1 0.451660 0.160185 0.028320 0.109259
1 0.485840 0.103704 0.022461 0.103704
1 0.500000 0.288889 0.033203 0.092593
1 0.418945 0.482407 0.027344 0.109259
1 0.450195 0.487037 0.023438 0.100000
1 0.527344 0.417593 0.029297 0.094444
1 0.588379 0.474074 0.028320 0.100000
1 0.554688 0.574074 0.027344 0.107407
2 0.353516 0.801852 0.050781 0.140741
1 0.421875 0.937963 0.033203 0.120370
1 0.471191 0.889815 0.028320 0.083333
1 0.504395 0.845370 0.028320 0.094444
1 0.552734 0.781481 0.029297 0.107407
1 0.587891 0.763889 0.029297 0.101852
1 0.630371 0.800000 0.034180 0.096296
0 0.694336 0.590741 0.101562 0.188889
1 0.581543 0.962037 0.024414 0.075926
1 0.624023 0.925926 0.025391 0.107407
1 0.821777 0.037963 0.047852 0.050000
1 0.805664 0.410185 0.056641 0.053704
1 0.835938 0.346296 0.052734 0.059259
1 0.916992 0.318519 0.050781 0.059259
1 0.983398 0.286111 0.033203 0.053704
1 0.151367 0.144444 0.041016 0.048148
1 0.149902 0.182407 0.049805 0.046296
1 0.154785 0.037963 0.049805 0.046296
