2 0.452148 0.700926 0.058594 0.194444
1 0.681641 0.557407 0.046875 0.100000
1 0.377441 0.426852 0.038086 0.079630
1 0.400879 0.315741 0.030273 0.072222
1 0.440430 0.300926 0.023438 0.050000
1 0.477051 0.309259 0.024414 0.055556
1 0.504395 0.275926 0.022461 0.051852
1 0.442383 0.254630 0.019531 0.042593
1 0.403809 0.262037 0.020508 0.042593
1 0.419434 0.180556 0.016602 0.035185
1 0.441895 0.202778 0.018555 0.035185
1 0.468750 0.196296 0.019531 0.040741
1 0.616699 0.409259 0.038086 0.066667
1 0.548340 0.207407 0.020508 0.037037
1 0.571289 0.260185 0.023438 0.042593
1 0.610352 0.267593 0.027344 0.042593
1 0.513184 0.168519 0.016602 0.029630
1 0.537109 0.171296 0.017578 0.027778
1 0.571777 0.193519 0.018555 0.038889
1 0.567871 0.148148 0.016602 0.029630
1 0.546387 0.150926 0.016602 0.027778
1 0.536621 0.134259 0.012695 0.024074
1 0.527832 0.121296 0.014648 0.024074
1 0.514160 0.124074 0.014648 0.029630
1 0.505859 0.145370 0.015625 0.031481
1 0.487305 0.130556 0.017578 0.024074
1 0.471680 0.133333 0.013672 0.025926
1 0.450684 0.125926 0.012695 0.022222
1 0.411133 0.118519 0.011719 0.022222
1 0.428223 0.117593 0.010742 0.024074
1 0.442871 0.101852 0.012695 0.025926
1 0.461914 0.112963 0.011719 0.022222
2 0.503906 0.099074 0.015625 0.035185
2 0.467285 0.066667 0.012695 0.029630
0 0.481934 0.057407 0.016602 0.029630
1 0.585449 0.117593 0.016602 0.024074
