2 0.499512 0.820370 0.135742 0.359259
1 0.362793 0.825000 0.108398 0.264815
1 0.216309 0.846296 0.168945 0.307407
0 0.335938 0.408333 0.093750 0.153704
1 0.345215 0.550926 0.057617 0.101852
1 0.415039 0.576852 0.070312 0.150000
1 0.380859 0.465741 0.044922 0.072222
1 0.430664 0.475926 0.048828 0.085185
1 0.403320 0.412037 0.037109 0.061111
1 0.448730 0.418519 0.028320 0.051852
1 0.454590 0.374074 0.024414 0.040741
1 0.435059 0.350000 0.026367 0.044444
1 0.500000 0.340741 0.023438 0.051852
1 0.446777 0.314815 0.018555 0.033333
1 0.458984 0.253704 0.009766 0.022222
1 0.466309 0.272222 0.012695 0.022222
1 0.487305 0.273148 0.013672 0.027778
