2 0.466309 0.871296 0.032227 0.112963
1 0.514160 0.756481 0.020508 0.053704
1 0.426758 0.729630 0.023438 0.048148
1 0.441406 0.666667 0.033203 0.044444
1 0.591309 0.646296 0.018555 0.040741
1 0.622070 0.571296 0.015625 0.038889
0 0.541992 0.471296 0.029297 0.064815
1 0.316406 0.645370 0.021484 0.038889
1 0.320801 0.557407 0.026367 0.025926
1 0.340332 0.525000 0.022461 0.020370
1 0.574707 0.418519 0.012695 0.025926
1 0.576660 0.463889 0.012695 0.027778
1 0.589355 0.421296 0.010742 0.024074
1 0.652832 0.471296 0.010742 0.031481
1 0.975098 0.790741 0.041992 0.037037
1 0.967773 0.717593 0.035156 0.053704
1 0.937988 0.737037 0.038086 0.029630
2 0.912109 0.679630 0.042969 0.033333
1 0.933594 0.565741 0.031250 0.027778
1 0.867676 0.616667 0.034180 0.025926
1 0.928223 0.873148 0.047852 0.035185
1 0.939941 0.906481 0.047852 0.035185
1 0.843262 0.519444 0.026367 0.027778
1 0.907227 0.525000 0.029297 0.027778
1 0.602539 0.362037 0.011719 0.016667
1 0.210449 0.831481 0.030273 0.059259
1 0.388672 0.465741 0.021484 0.016667
