1 0.041992 0.043519 0.044922 0.064815
1 0.009277 0.185185 0.016602 0.066667
1 0.044434 0.215741 0.043945 0.087037
1 0.055176 0.383333 0.030273 0.103704
1 0.085938 0.377778 0.027344 0.092593
1 0.114746 0.373148 0.030273 0.098148
1 0.149414 0.364815 0.035156 0.096296
1 0.146484 0.240741 0.050781 0.048148
1 0.153320 0.147222 0.039062 0.042593
1 0.154297 0.039815 0.048828 0.046296
1 0.416992 0.175000 0.021484 0.083333
1 0.416016 0.351852 0.023438 0.085185
2 0.296875 0.660185 0.017578 0.057407
1 0.343262 0.842593 0.038086 0.103704
1 0.408203 0.665741 0.025391 0.101852
1 0.515137 0.308333 0.036133 0.094444
1 0.588379 0.031481 0.022461 0.059259
1 0.559082 0.151852 0.024414 0.092593
1 0.606934 0.184259 0.022461 0.094444
1 0.530273 0.417593 0.037109 0.083333
1 0.583496 0.355556 0.028320 0.100000
1 0.563477 0.478704 0.021484 0.090741
1 0.598145 0.582407 0.028320 0.098148
3 0.558594 0.663889 0.025391 0.105556
1 0.475098 0.665741 0.032227 0.094444
1 0.500000 0.800926 0.027344 0.101852
1 0.509766 0.947222 0.029297 0.105556
1 0.804688 0.413889 0.056641 0.061111
1 0.834961 0.354630 0.052734 0.053704
1 0.819824 0.040741 0.047852 0.048148
1 0.936035 0.157407 0.032227 0.088889
1 0.915039 0.322222 0.050781 0.055556
1 0.967773 0.412037 0.052734 0.064815
1 0.981934 0.289815 0.036133 0.050000
