0 0.633301 0.790741 0.055664 0.233333
1 0.518555 0.786111 0.029297 0.101852
1 0.055664 0.389815 0.035156 0.101852
1 0.085449 0.381481 0.026367 0.092593
1 0.113281 0.376852 0.033203 0.094444
1 0.149414 0.371296 0.037109 0.090741
1 0.009766 0.188889 0.017578 0.074074
1 0.042480 0.050926 0.049805 0.064815
0 0.380859 0.222222 0.035156 0.237037
2 0.282715 0.675000 0.077148 0.075926
1 0.444824 0.363889 0.030273 0.105556
1 0.487793 0.375000 0.020508 0.072222
1 0.482910 0.157407 0.022461 0.085185
1 0.450684 0.099074 0.024414 0.090741
1 0.418945 0.200926 0.025391 0.094444
1 0.418457 0.039815 0.022461 0.075926
1 0.832520 0.348148 0.053711 0.048148
1 0.850586 0.393519 0.052734 0.050000
1 0.914551 0.317593 0.051758 0.050000
1 0.981934 0.285185 0.036133 0.044444
1 0.819336 0.039815 0.048828 0.038889
1 0.546387 0.905556 0.032227 0.107407
1 0.585938 0.852778 0.027344 0.116667
1 0.146973 0.248148 0.057617 0.062963
