0 0.768066 0.765741 0.061523 0.101852
2 0.399902 0.793519 0.036133 0.094444
1 0.526855 0.967593 0.030273 0.057407
2 0.817871 0.962963 0.043945 0.066667
1 0.912109 0.975000 0.037109 0.046296
1 0.814941 0.454630 0.014648 0.027778
1 0.695312 0.736111 0.021484 0.046296
1 0.645020 0.707407 0.022461 0.037037
1 0.577637 0.570370 0.016602 0.033333
1 0.604980 0.573148 0.016602 0.031481
1 0.602051 0.622222 0.018555 0.037037
1 0.623535 0.665741 0.022461 0.038889
1 0.649902 0.666667 0.020508 0.040741
1 0.627930 0.618519 0.017578 0.037037
1 0.653809 0.620370 0.018555 0.037037
1 0.677734 0.620370 0.019531 0.037037
1 0.633789 0.578704 0.015625 0.031481
1 0.650879 0.564815 0.014648 0.033333
1 0.627441 0.525000 0.016602 0.024074
1 0.509766 0.596296 0.017578 0.033333
1 0.383789 0.719444 0.021484 0.046296
1 0.304199 0.069444 0.006836 0.012963
1 0.312988 0.069444 0.006836 0.016667
1 0.351074 0.126852 0.006836 0.016667
1 0.360352 0.156481 0.007812 0.020370
1 0.382324 0.184259 0.008789 0.016667
1 0.395020 0.257407 0.008789 0.022222
1 0.517578 0.369444 0.017578 0.031481
1 0.514160 0.336111 0.012695 0.027778
1 0.327637 0.177778 0.008789 0.018519
1 0.328613 0.225000 0.008789 0.020370
1 0.357910 0.255556 0.010742 0.022222
1 0.321777 0.266667 0.008789 0.022222
2 0.305664 0.446296 0.019531 0.040741
2 0.323242 0.472222 0.015625 0.051852
1 0.327637 0.438889 0.010742 0.025926
1 0.342773 0.469444 0.013672 0.031481
1 0.338867 0.438889 0.009766 0.029630
1 0.336426 0.410185 0.010742 0.027778
1 0.329590 0.383333 0.010742 0.025926
1 0.330566 0.358333 0.010742 0.024074
2 0.325684 0.322222 0.012695 0.055556
1 0.312988 0.346296 0.008789 0.033333
1 0.375977 0.418519 0.011719 0.025926
1 0.386230 0.445370 0.012695 0.027778
1 0.393066 0.469444 0.008789 0.020370
1 0.410156 0.460185 0.011719 0.024074
1 0.405273 0.437037 0.011719 0.025926
1 0.398926 0.415741 0.012695 0.027778
1 0.388184 0.393519 0.010742 0.027778
1 0.365234 0.388889 0.011719 0.025926
1 0.361816 0.366667 0.010742 0.022222
1 0.340820 0.282407 0.011719 0.020370
1 0.354004 0.277778 0.008789 0.018519
1 0.358398 0.296296 0.009766 0.022222
1 0.366699 0.319444 0.010742 0.024074
1 0.375488 0.344444 0.006836 0.022222
1 0.388672 0.341667 0.011719 0.027778
1 0.410645 0.348148 0.012695 0.022222
1 0.355469 0.349074 0.009766 0.024074
1 0.349121 0.318519 0.008789 0.018519
1 0.342773 0.300926 0.009766 0.020370
1 0.376953 0.258333 0.007812 0.020370
1 0.331543 0.070370 0.006836 0.014815
