2 0.412109 0.325000 0.033203 0.220370
1 0.514648 0.303704 0.041016 0.103704
1 0.038574 0.040741 0.045898 0.062963
1 0.051758 0.383333 0.031250 0.100000
1 0.083008 0.378704 0.025391 0.094444
1 0.110840 0.372222 0.032227 0.088889
1 0.145508 0.365741 0.035156 0.094444
1 0.114258 0.650926 0.056641 0.046296
1 0.144531 0.237963 0.054688 0.050000
1 0.150879 0.038889 0.047852 0.044444
1 0.418457 0.042593 0.020508 0.081481
1 0.378418 0.287037 0.022461 0.092593
1 0.450195 0.354630 0.023438 0.083333
1 0.436035 0.654630 0.026367 0.101852
1 0.530273 0.408333 0.035156 0.083333
1 0.562012 0.315741 0.024414 0.090741
1 0.552734 0.035185 0.021484 0.066667
1 0.592773 0.268519 0.027344 0.092593
1 0.560547 0.508333 0.021484 0.083333
1 0.484863 0.703704 0.034180 0.100000
1 0.355957 0.921296 0.028320 0.101852
1 0.501953 0.827778 0.027344 0.100000
1 0.555176 0.762963 0.026367 0.092593
1 0.583008 0.913889 0.027344 0.101852
1 0.589355 0.484259 0.026367 0.090741
1 0.625488 0.521296 0.022461 0.098148
1 0.685547 0.556481 0.044922 0.090741
1 0.801758 0.407407 0.052734 0.051852
1 0.833008 0.347222 0.050781 0.050000
1 0.916992 0.314815 0.052734 0.051852
1 0.983887 0.286111 0.032227 0.053704
1 0.937012 0.155556 0.026367 0.096296
1 0.821289 0.038889 0.050781 0.055556
3 0.305664 0.314815 0.017578 0.066667
