1 0.202637 0.923148 0.034180 0.053704
1 0.264648 0.802778 0.025391 0.061111
1 0.245605 0.857407 0.030273 0.055556
1 0.221191 0.885185 0.032227 0.055556
1 0.299316 0.698148 0.038086 0.029630
1 0.181641 0.977778 0.033203 0.044444
1 0.293945 0.937963 0.046875 0.038889
1 0.528320 0.872222 0.021484 0.077778
1 0.548828 0.965741 0.025391 0.068519
1 0.677734 0.962037 0.027344 0.075926
1 0.615234 0.585185 0.011719 0.040741
1 0.624512 0.689815 0.018555 0.050000
1 0.646973 0.636111 0.014648 0.042593
1 0.631348 0.775000 0.018555 0.053704
1 0.673340 0.699074 0.020508 0.050000
1 0.694336 0.816667 0.025391 0.066667
1 0.888184 0.559259 0.034180 0.033333
2 0.807617 0.416667 0.031250 0.025926
