0 0.575684 0.310185 0.020508 0.035185
2 0.526367 0.451852 0.015625 0.044444
1 0.543945 0.457407 0.011719 0.025926
1 0.511719 0.537963 0.017578 0.035185
1 0.524414 0.569444 0.015625 0.042593
1 0.540527 0.602778 0.014648 0.038889
1 0.575684 0.649074 0.016602 0.046296
3 0.579102 0.584259 0.007812 0.020370
1 0.603516 0.511111 0.011719 0.029630
1 0.486328 0.704630 0.017578 0.053704
1 0.508789 0.706481 0.017578 0.057407
1 0.517090 0.649074 0.014648 0.046296
1 0.534668 0.659259 0.016602 0.059259
2 0.894043 0.712037 0.053711 0.064815
2 0.944824 0.755556 0.045898 0.100000
2 0.980469 0.754630 0.029297 0.090741
2 0.963867 0.696296 0.054688 0.040741
1 0.901855 0.625926 0.036133 0.033333
1 0.897461 0.600000 0.033203 0.029630
1 0.877930 0.582407 0.035156 0.024074
1 0.870117 0.563889 0.029297 0.024074
1 0.856934 0.550000 0.030273 0.025926
1 0.835449 0.515741 0.026367 0.024074
1 0.818848 0.452778 0.016602 0.027778
1 0.818848 0.490741 0.026367 0.022222
1 0.978516 0.601852 0.039062 0.025926
1 0.834473 0.408333 0.022461 0.020370
