2 0.188477 0.641667 0.080078 0.064815
0 0.624512 0.909259 0.045898 0.181481
1 0.580078 0.958333 0.031250 0.083333
1 0.511719 0.952778 0.031250 0.094444
1 0.054688 0.384259 0.033203 0.112963
0 0.383301 0.095370 0.034180 0.187037
1 0.421875 0.112037 0.021484 0.094444
1 0.420410 0.025926 0.022461 0.048148
1 0.483887 0.043519 0.020508 0.079630
1 0.450684 0.127778 0.020508 0.092593
1 0.483887 0.135185 0.020508 0.077778
1 0.819824 0.038889 0.045898 0.044444
1 0.834473 0.348148 0.055664 0.048148
1 0.915527 0.312037 0.051758 0.050000
1 0.974609 0.351852 0.050781 0.048148
1 0.983398 0.281481 0.033203 0.040741
1 0.146973 0.238889 0.051758 0.040741
1 0.085938 0.383333 0.025391 0.092593
1 0.114258 0.374074 0.029297 0.088889
1 0.148438 0.368519 0.033203 0.092593
1 0.011230 0.184259 0.020508 0.075926
1 0.043457 0.047222 0.049805 0.061111
