2 0.500977 0.610185 0.021484 0.068519
0 0.560547 0.375000 0.021484 0.046296
1 0.591797 0.361111 0.013672 0.018519
1 0.597168 0.319444 0.008789 0.024074
1 0.446289 0.576852 0.017578 0.038889
1 0.464844 0.551852 0.023438 0.033333
1 0.530762 0.574074 0.014648 0.037037
1 0.610352 0.538889 0.009766 0.033333
1 0.579590 0.663889 0.014648 0.042593
1 0.476562 0.763889 0.023438 0.064815
1 0.506836 0.734259 0.019531 0.061111
1 0.495605 0.834259 0.020508 0.061111
1 0.524414 0.810185 0.019531 0.061111
1 0.514160 0.892593 0.022461 0.088889
1 0.454590 0.919444 0.024414 0.083333
1 0.484375 0.927778 0.025391 0.077778
1 0.888184 0.629630 0.034180 0.029630
1 0.880859 0.762963 0.042969 0.033333
1 0.921875 0.680556 0.037109 0.027778
1 0.938965 0.703704 0.036133 0.029630
1 0.952637 0.729630 0.041992 0.029630
1 0.978516 0.759259 0.042969 0.037037
3 0.587891 0.588889 0.007812 0.022222
1 0.874512 0.478704 0.026367 0.024074
1 0.861816 0.540741 0.022461 0.033333
1 0.948242 0.595370 0.033203 0.027778
1 0.357910 0.475926 0.020508 0.022222
1 0.640137 0.437963 0.012695 0.024074
1 0.641113 0.391667 0.010742 0.020370
1 0.851562 0.697222 0.035156 0.031481
