1 0.423828 0.824074 0.085938 0.225926
1 0.323730 0.812963 0.090820 0.214815
1 0.238770 0.785185 0.106445 0.200000
1 0.115234 0.817593 0.128906 0.205556
1 0.230957 0.626852 0.084961 0.120370
1 0.304688 0.582407 0.062500 0.124074
1 0.393066 0.564815 0.051758 0.107407
1 0.457520 0.511111 0.043945 0.103704
2 0.399414 0.324074 0.027344 0.055556
2 0.464355 0.274074 0.014648 0.037037
1 0.384277 0.425926 0.030273 0.055556
1 0.415527 0.476852 0.038086 0.064815
1 0.428223 0.418519 0.028320 0.059259
1 0.414551 0.358333 0.018555 0.031481
1 0.432129 0.378704 0.022461 0.027778
1 0.443359 0.366667 0.015625 0.040741
1 0.451172 0.326852 0.015625 0.031481
1 0.444824 0.335185 0.016602 0.022222
1 0.508789 0.250926 0.009766 0.020370
