1 0.634277 0.890741 0.026367 0.070370
1 0.692871 0.916667 0.028320 0.077778
3 0.647949 0.788889 0.008789 0.033333
1 0.613770 0.637037 0.018555 0.040741
1 0.640625 0.650926 0.019531 0.042593
1 0.658691 0.621296 0.018555 0.042593
1 0.514160 0.507407 0.012695 0.037037
1 0.531250 0.537963 0.013672 0.035185
1 0.540039 0.453704 0.011719 0.025926
1 0.522949 0.394444 0.010742 0.022222
1 0.583496 0.490741 0.010742 0.029630
1 0.590332 0.565741 0.014648 0.031481
1 0.596191 0.482407 0.012695 0.027778
1 0.605469 0.449074 0.011719 0.027778
1 0.592285 0.382407 0.008789 0.020370
1 0.222168 0.942593 0.034180 0.055556
1 0.269043 0.802778 0.028320 0.057407
1 0.285645 0.747222 0.024414 0.050000
1 0.310547 0.705556 0.021484 0.048148
1 0.370117 0.493519 0.013672 0.027778
1 0.334473 0.856481 0.045898 0.042593
2 0.897461 0.675000 0.046875 0.068519
2 0.944336 0.667593 0.048828 0.042593
1 0.904785 0.590741 0.026367 0.029630
1 0.945801 0.892593 0.047852 0.044444
1 0.932129 0.858333 0.045898 0.035185
1 0.553223 0.332407 0.016602 0.012963
1 0.592773 0.329630 0.015625 0.018519
1 0.519531 0.334259 0.015625 0.020370
