1 0.040039 0.043519 0.050781 0.064815
1 0.054688 0.386111 0.031250 0.101852
1 0.084961 0.377778 0.027344 0.092593
1 0.112305 0.375926 0.031250 0.103704
1 0.147461 0.365741 0.033203 0.094444
1 0.151367 0.649074 0.060547 0.050000
1 0.146484 0.239815 0.050781 0.042593
1 0.154785 0.043519 0.051758 0.050000
1 0.383789 0.130556 0.027344 0.105556
1 0.418457 0.041667 0.022461 0.079630
1 0.385254 0.284259 0.022461 0.087037
1 0.414062 0.305556 0.025391 0.100000
1 0.415039 0.562037 0.029297 0.112963
1 0.453613 0.251852 0.028320 0.107407
1 0.488281 0.147222 0.023438 0.098148
1 0.499023 0.295370 0.029297 0.098148
1 0.446289 0.633333 0.027344 0.100000
1 0.528320 0.308333 0.023438 0.094444
1 0.589844 0.352778 0.031250 0.105556
1 0.555176 0.472222 0.022461 0.100000
1 0.501953 0.814815 0.025391 0.111111
1 0.556641 0.684259 0.025391 0.105556
1 0.588379 0.644444 0.026367 0.096296
1 0.638184 0.743519 0.032227 0.087037
1 0.585449 0.880556 0.024414 0.101852
1 0.626465 0.870370 0.030273 0.107407
2 0.725586 0.547222 0.107422 0.164815
1 0.802734 0.411111 0.056641 0.051852
1 0.834473 0.350000 0.053711 0.055556
1 0.915527 0.317593 0.051758 0.050000
1 0.983887 0.285185 0.032227 0.051852
1 0.820801 0.042593 0.051758 0.044444
1 0.938965 0.140741 0.030273 0.074074
2 0.361816 0.870370 0.036133 0.133333
0 0.372070 0.530556 0.044922 0.238889
