2 0.888184 0.445370 0.120117 0.094444
1 0.805176 0.412963 0.057617 0.055556
1 0.835449 0.350000 0.051758 0.055556
1 0.916016 0.323148 0.054688 0.053704
1 0.981934 0.290741 0.036133 0.051852
1 0.936035 0.157407 0.030273 0.085185
1 0.820312 0.041667 0.048828 0.050000
1 0.419434 0.104630 0.024414 0.105556
1 0.454590 0.088889 0.024414 0.088889
1 0.553223 0.034259 0.022461 0.064815
1 0.587402 0.091667 0.022461 0.087037
1 0.553711 0.206481 0.023438 0.090741
1 0.592773 0.449074 0.021484 0.079630
1 0.515625 0.361111 0.033203 0.085185
1 0.417969 0.314815 0.027344 0.092593
1 0.387695 0.450000 0.027344 0.111111
0 0.355469 0.874074 0.054688 0.251852
1 0.406250 0.731481 0.027344 0.103704
1 0.446289 0.763889 0.031250 0.112963
1 0.493652 0.735185 0.034180 0.096296
1 0.506836 0.877778 0.027344 0.103704
1 0.557129 0.841667 0.028320 0.120370
1 0.590332 0.834259 0.028320 0.109259
1 0.668457 0.648148 0.038086 0.100000
1 0.746582 0.524074 0.041992 0.070370
1 0.252930 0.648148 0.054688 0.055556
1 0.055664 0.386111 0.033203 0.098148
1 0.088867 0.382407 0.027344 0.090741
1 0.114746 0.376852 0.030273 0.090741
1 0.149414 0.370370 0.033203 0.096296
1 0.043945 0.050000 0.044922 0.062963
1 0.010742 0.189815 0.019531 0.075926
1 0.149414 0.243519 0.056641 0.053704
1 0.154785 0.048148 0.049805 0.048148
1 0.497559 0.230556 0.032227 0.101852
1 0.378906 0.596296 0.025391 0.092593
