1 0.161621 0.908333 0.108398 0.183333
1 0.321777 0.713889 0.065430 0.179630
1 0.280762 0.561111 0.049805 0.122222
1 0.377930 0.397222 0.037109 0.083333
1 0.359863 0.291667 0.026367 0.068519
1 0.405762 0.225926 0.018555 0.040741
1 0.437500 0.324074 0.029297 0.066667
1 0.447266 0.175000 0.031250 0.031481
1 0.479004 0.192593 0.026367 0.037037
1 0.497070 0.227778 0.021484 0.044444
2 0.511719 0.183333 0.019531 0.044444
1 0.564941 0.172222 0.022461 0.029630
1 0.432617 0.126852 0.013672 0.027778
1 0.453613 0.134259 0.022461 0.024074
1 0.480469 0.140741 0.029297 0.033333
