1 0.431152 0.884259 0.075195 0.231481
1 0.315918 0.904630 0.084961 0.190741
1 0.374512 0.614815 0.053711 0.144444
3 0.343262 0.460185 0.030273 0.075926
1 0.378418 0.381481 0.032227 0.066667
1 0.426270 0.374074 0.034180 0.085185
1 0.479980 0.436111 0.034180 0.083333
2 0.574707 0.310185 0.036133 0.075926
1 0.385742 0.268519 0.023438 0.048148
1 0.430664 0.280556 0.023438 0.046296
2 0.459961 0.250000 0.023438 0.055556
1 0.420410 0.218519 0.018555 0.040741
1 0.389648 0.194444 0.017578 0.037037
1 0.416504 0.161111 0.014648 0.025926
1 0.441895 0.150926 0.016602 0.031481
1 0.477539 0.169444 0.023438 0.027778
1 0.498047 0.184259 0.021484 0.035185
1 0.511230 0.211111 0.020508 0.040741
1 0.537109 0.198148 0.019531 0.044444
1 0.569336 0.209259 0.023438 0.033333
1 0.595703 0.214815 0.021484 0.029630
1 0.518066 0.158333 0.016602 0.027778
1 0.525391 0.139815 0.017578 0.024074
1 0.393066 0.137037 0.014648 0.025926
1 0.966797 0.664815 0.066406 0.137037
