1 0.213867 0.891667 0.119141 0.216667
1 0.355469 0.757407 0.068359 0.185185
1 0.288086 0.644444 0.070312 0.140741
1 0.350586 0.462037 0.042969 0.090741
1 0.397949 0.487037 0.045898 0.103704
1 0.629883 0.490741 0.044922 0.100000
1 0.747070 0.684259 0.074219 0.142593
1 0.813965 0.444444 0.051758 0.085185
1 0.402344 0.225926 0.021484 0.040741
1 0.429688 0.193519 0.017578 0.035185
1 0.453125 0.244444 0.023438 0.044444
1 0.486328 0.278704 0.023438 0.050000
1 0.562988 0.270370 0.026367 0.044444
1 0.597656 0.262037 0.029297 0.046296
1 0.428711 0.168519 0.015625 0.029630
1 0.452148 0.167593 0.017578 0.035185
1 0.478027 0.207407 0.018555 0.040741
1 0.505859 0.173148 0.017578 0.031481
1 0.537598 0.187963 0.018555 0.035185
1 0.559570 0.182407 0.019531 0.031481
1 0.539551 0.148148 0.014648 0.025926
1 0.520508 0.156481 0.017578 0.027778
1 0.407227 0.129630 0.013672 0.022222
1 0.426758 0.124074 0.013672 0.029630
1 0.445801 0.122222 0.014648 0.025926
1 0.450195 0.145370 0.015625 0.024074
1 0.478516 0.143519 0.019531 0.024074
1 0.495605 0.154630 0.016602 0.027778
1 0.508301 0.135185 0.014648 0.022222
1 0.515625 0.117593 0.013672 0.020370
1 0.512207 0.101852 0.012695 0.018519
1 0.492676 0.110185 0.012695 0.024074
