1 0.037109 0.039815 0.046875 0.068519
1 0.150391 0.037037 0.046875 0.048148
1 0.148926 0.143519 0.047852 0.046296
1 0.142578 0.236111 0.056641 0.053704
1 0.145996 0.363889 0.036133 0.094444
1 0.107422 0.372222 0.029297 0.092593
1 0.082031 0.378704 0.029297 0.090741
1 0.050293 0.381481 0.032227 0.103704
1 0.069824 0.660185 0.059570 0.050000
2 0.411621 0.242593 0.032227 0.214815
1 0.378906 0.176852 0.021484 0.098148
1 0.450684 0.237037 0.024414 0.088889
1 0.557617 0.157407 0.023438 0.096296
1 0.513184 0.301852 0.040039 0.096296
1 0.440430 0.513889 0.027344 0.105556
1 0.353027 0.842593 0.034180 0.103704
1 0.483398 0.705556 0.033203 0.103704
1 0.428223 0.875926 0.028320 0.111111
1 0.502441 0.831481 0.028320 0.107407
1 0.548340 0.893519 0.026367 0.098148
1 0.530273 0.408333 0.037109 0.090741
1 0.565918 0.437037 0.028320 0.100000
1 0.596191 0.424074 0.024414 0.092593
1 0.557617 0.624074 0.021484 0.085185
1 0.589844 0.635185 0.025391 0.100000
1 0.622559 0.641667 0.026367 0.105556
1 0.666992 0.605556 0.037109 0.100000
1 0.803711 0.412037 0.052734 0.053704
1 0.834473 0.347222 0.049805 0.053704
1 0.916992 0.319444 0.056641 0.064815
1 0.983398 0.286111 0.033203 0.053704
1 0.939453 0.153704 0.027344 0.092593
3 0.307617 0.261111 0.019531 0.070370
3 0.744141 0.530556 0.027344 0.046296
