0 0.625488 0.900000 0.051758 0.200000
0 0.381348 0.112963 0.038086 0.222222
1 0.833008 0.349074 0.054688 0.050000
1 0.913086 0.315741 0.050781 0.050000
1 0.938965 0.365741 0.053711 0.057407
1 0.981934 0.287037 0.036133 0.048148
1 0.932617 0.151852 0.029297 0.085185
1 0.819336 0.042593 0.048828 0.048148
1 0.418457 0.025000 0.024414 0.046296
1 0.448730 0.023148 0.024414 0.042593
1 0.482422 0.057407 0.019531 0.077778
1 0.420410 0.119444 0.022461 0.087037
1 0.447754 0.155556 0.024414 0.096296
1 0.484375 0.167593 0.021484 0.068519
1 0.147949 0.372222 0.036133 0.092593
1 0.113281 0.375926 0.033203 0.096296
1 0.083984 0.383333 0.027344 0.092593
1 0.054199 0.387037 0.036133 0.103704
1 0.145996 0.245370 0.053711 0.046296
1 0.009766 0.189815 0.017578 0.075926
1 0.040039 0.050926 0.044922 0.057407
1 0.153809 0.046296 0.047852 0.044444
2 0.212891 0.647222 0.076172 0.061111
1 0.511719 0.949074 0.023438 0.101852
1 0.543945 0.973148 0.025391 0.053704
1 0.582031 0.958333 0.031250 0.083333
