1 0.020996 0.257407 0.040039 0.081481
1 0.011719 0.186111 0.021484 0.079630
1 0.045898 0.048148 0.044922 0.055556
1 0.159180 0.042593 0.048828 0.048148
1 0.158203 0.148148 0.048828 0.044444
1 0.148926 0.242593 0.055664 0.051852
1 0.056641 0.382407 0.031250 0.101852
1 0.087891 0.380556 0.027344 0.094444
1 0.116211 0.375000 0.031250 0.090741
1 0.152344 0.368519 0.039062 0.096296
1 0.415527 0.260185 0.020508 0.083333
1 0.415039 0.452778 0.021484 0.083333
2 0.297363 0.713889 0.018555 0.053704
1 0.356445 0.933333 0.029297 0.107407
1 0.408691 0.772222 0.026367 0.107407
1 0.473145 0.652778 0.038086 0.094444
3 0.561035 0.555556 0.026367 0.107407
1 0.502930 0.790741 0.029297 0.103704
1 0.509277 0.928704 0.024414 0.105556
1 0.516113 0.304630 0.036133 0.087037
1 0.555176 0.031481 0.026367 0.059259
1 0.607422 0.032407 0.025391 0.061111
1 0.535156 0.416667 0.037109 0.085185
1 0.562500 0.375926 0.025391 0.092593
1 0.601074 0.440741 0.026367 0.096296
1 0.582031 0.207407 0.023438 0.092593
1 0.804199 0.413889 0.055664 0.050000
1 0.835449 0.351852 0.055664 0.051852
1 0.916016 0.325926 0.052734 0.051852
1 0.937500 0.161111 0.025391 0.088889
1 0.819824 0.046296 0.051758 0.051852
