1 0.247559 0.911111 0.022461 0.055556
1 0.323730 0.909259 0.038086 0.037037
1 0.327148 0.865741 0.033203 0.042593
1 0.515625 0.826852 0.019531 0.061111
1 0.295898 0.579630 0.029297 0.029630
1 0.253906 0.641667 0.025391 0.027778
1 0.260254 0.619444 0.024414 0.024074
1 0.366699 0.626852 0.028320 0.027778
1 0.370605 0.600926 0.028320 0.024074
1 0.345703 0.512963 0.015625 0.037037
1 0.359863 0.512963 0.014648 0.040741
1 0.287598 0.540741 0.028320 0.022222
1 0.329102 0.446296 0.013672 0.033333
1 0.345703 0.446296 0.015625 0.033333
1 0.357910 0.447222 0.012695 0.035185
1 0.446777 0.647222 0.014648 0.046296
1 0.454590 0.418519 0.010742 0.033333
1 0.480957 0.415741 0.012695 0.035185
1 0.467773 0.612963 0.013672 0.044444
1 0.515137 0.696296 0.014648 0.048148
1 0.514160 0.595370 0.012695 0.042593
1 0.538086 0.764815 0.017578 0.051852
2 0.628418 0.698148 0.061523 0.051852
1 0.544922 0.945370 0.017578 0.068519
1 0.668945 0.950926 0.039062 0.031481
1 0.534180 0.621296 0.015625 0.042593
1 0.554199 0.632407 0.014648 0.042593
1 0.551758 0.549074 0.011719 0.038889
1 0.513184 0.493519 0.010742 0.031481
1 0.530273 0.511111 0.011719 0.037037
1 0.547363 0.462963 0.014648 0.040741
1 0.511230 0.425926 0.012695 0.033333
1 0.527832 0.422222 0.012695 0.040741
1 0.549805 0.405556 0.011719 0.037037
1 0.522461 0.349074 0.011719 0.031481
1 0.539551 0.348148 0.010742 0.033333
1 0.529297 0.305556 0.011719 0.022222
1 0.498047 0.325000 0.013672 0.027778
1 0.500977 0.292593 0.011719 0.025926
1 0.511719 0.266667 0.007812 0.022222
1 0.521484 0.236111 0.009766 0.024074
1 0.359863 0.653704 0.030273 0.025926
1 0.673340 0.984259 0.043945 0.031481
1 0.319824 0.303704 0.020508 0.022222
1 0.440430 0.312037 0.017578 0.020370
1 0.461426 0.295370 0.008789 0.027778
1 0.465332 0.270370 0.010742 0.025926
1 0.492188 0.263889 0.009766 0.027778
1 0.493652 0.243519 0.010742 0.024074
1 0.281738 0.723148 0.028320 0.053704
1 0.268555 0.712963 0.029297 0.055556
1 0.292969 0.524074 0.029297 0.022222
1 0.556641 0.333333 0.017578 0.025926
