0 0.506348 0.648148 0.038086 0.100000
1 0.311035 0.078704 0.026367 0.024074
1 0.460449 0.068519 0.012695 0.048148
1 0.512207 0.070370 0.012695 0.051852
1 0.488770 0.280556 0.012695 0.046296
1 0.477539 0.347222 0.011719 0.050000
1 0.490234 0.334259 0.011719 0.042593
1 0.504883 0.317593 0.011719 0.046296
1 0.569336 0.155556 0.013672 0.051852
1 0.025391 0.435185 0.013672 0.048148
1 0.148926 0.424074 0.016602 0.044444
1 0.035156 0.547222 0.027344 0.024074
1 0.031250 0.582407 0.033203 0.020370
1 0.062988 0.546296 0.024414 0.025926
1 0.066895 0.572222 0.024414 0.022222
1 0.091309 0.543519 0.028320 0.024074
1 0.095215 0.575000 0.026367 0.027778
1 0.123535 0.576852 0.026367 0.024074
1 0.119141 0.548148 0.025391 0.022222
1 0.176270 0.509259 0.024414 0.022222
1 0.249023 0.511111 0.023438 0.025926
1 0.315918 0.509259 0.026367 0.025926
1 0.390137 0.501852 0.024414 0.025926
1 0.149902 0.544444 0.024414 0.022222
1 0.152344 0.574074 0.029297 0.022222
1 0.186523 0.541667 0.021484 0.024074
1 0.183594 0.569444 0.025391 0.024074
1 0.213379 0.541667 0.024414 0.024074
1 0.216797 0.569444 0.027344 0.027778
1 0.245117 0.539815 0.025391 0.024074
1 0.248047 0.568519 0.025391 0.025926
1 0.277832 0.538889 0.024414 0.025926
1 0.286133 0.566667 0.023438 0.022222
1 0.302246 0.539815 0.024414 0.024074
1 0.313477 0.568519 0.023438 0.025926
1 0.330078 0.539815 0.023438 0.024074
1 0.358887 0.537037 0.024414 0.022222
1 0.343750 0.565741 0.021484 0.020370
1 0.043945 0.663889 0.015625 0.050000
1 0.070801 0.636111 0.016602 0.050000
1 0.085449 0.668519 0.014648 0.048148
1 0.078613 0.755556 0.012695 0.048148
1 0.091797 0.758333 0.011719 0.050000
1 0.104004 0.762037 0.012695 0.046296
1 0.126953 0.755556 0.013672 0.048148
1 0.159668 0.671296 0.012695 0.050000
1 0.173340 0.666667 0.012695 0.051852
1 0.203613 0.669444 0.014648 0.053704
1 0.161621 0.778704 0.014648 0.042593
1 0.224121 0.739815 0.012695 0.046296
1 0.368652 0.562963 0.020508 0.022222
1 0.314453 0.189815 0.023438 0.027778
1 0.218262 0.215741 0.026367 0.024074
1 0.264648 0.176852 0.021484 0.035185
1 0.264160 0.201852 0.020508 0.033333
1 0.547852 0.556481 0.019531 0.035185
1 0.551270 0.598148 0.022461 0.037037
1 0.588867 0.546296 0.023438 0.033333
1 0.525391 0.761111 0.011719 0.044444
1 0.527832 0.812963 0.012695 0.055556
1 0.527832 0.865741 0.012695 0.042593
1 0.529785 0.931481 0.014648 0.048148
1 0.636719 0.519444 0.025391 0.020370
1 0.679688 0.489815 0.027344 0.027778
1 0.682129 0.518519 0.024414 0.022222
1 0.742676 0.456481 0.026367 0.024074
1 0.717285 0.520370 0.024414 0.025926
1 0.778320 0.488889 0.025391 0.018519
1 0.771484 0.521296 0.025391 0.024074
1 0.767090 0.584259 0.022461 0.020370
1 0.796387 0.620370 0.024414 0.022222
1 0.811035 0.518519 0.026367 0.022222
1 0.823730 0.488889 0.024414 0.022222
2 0.847168 0.454630 0.030273 0.027778
1 0.862305 0.487037 0.025391 0.018519
1 0.847168 0.515741 0.026367 0.024074
1 0.878906 0.520370 0.027344 0.025926
1 0.917480 0.450000 0.026367 0.022222
1 0.904785 0.483333 0.028320 0.025926
1 0.936035 0.491667 0.026367 0.024074
1 0.947754 0.516667 0.028320 0.022222
1 0.971191 0.486111 0.024414 0.024074
1 0.981934 0.516667 0.028320 0.025926
1 0.886230 0.616667 0.024414 0.025926
1 0.541504 0.755556 0.012695 0.051852
1 0.555664 0.720370 0.011719 0.048148
1 0.570312 0.716667 0.011719 0.044444
1 0.567871 0.769444 0.010742 0.042593
1 0.570801 0.824074 0.012695 0.044444
1 0.621094 0.684259 0.017578 0.042593
1 0.604004 0.760185 0.016602 0.046296
1 0.682129 0.624074 0.026367 0.029630
1 0.234863 0.830556 0.018555 0.038889
1 0.302246 0.959259 0.024414 0.025926
