0 0.104004 0.175926 0.055664 0.077778
0 0.221680 0.362037 0.089844 0.116667
0 0.566406 0.711111 0.083984 0.118519
0 0.737793 0.597222 0.094727 0.124074
1 0.719727 0.627778 0.035156 0.051852
1 0.705566 0.664815 0.036133 0.055556
1 0.714844 0.716667 0.037109 0.055556
1 0.770996 0.687963 0.038086 0.053704
1 0.723633 0.263889 0.021484 0.061111
1 0.075684 0.097222 0.032227 0.046296
1 0.116211 0.094444 0.033203 0.051852
1 0.181641 0.171296 0.033203 0.050000
1 0.086426 0.204630 0.034180 0.050000
1 0.236816 0.194444 0.036133 0.055556
1 0.189453 0.271296 0.031250 0.050000
1 0.142090 0.271296 0.041992 0.057407
1 0.244629 0.288889 0.034180 0.055556
1 0.312500 0.275926 0.033203 0.051852
1 0.269531 0.362963 0.029297 0.044444
1 0.347168 0.358333 0.032227 0.053704
1 0.304688 0.465741 0.029297 0.050000
1 0.374512 0.442593 0.030273 0.044444
1 0.354980 0.572222 0.028320 0.055556
1 0.483398 0.570370 0.037109 0.055556
1 0.455078 0.488889 0.033203 0.051852
1 0.484375 0.395370 0.037109 0.031481
1 0.565918 0.509259 0.038086 0.055556
1 0.395996 0.787037 0.018555 0.070370
1 0.395508 0.937037 0.027344 0.066667
1 0.174316 0.849074 0.032227 0.072222
1 0.023926 0.662963 0.032227 0.074074
1 0.101074 0.755556 0.032227 0.062963
1 0.130859 0.796296 0.029297 0.062963
1 0.059082 0.901852 0.036133 0.051852
1 0.096191 0.931481 0.038086 0.062963
1 0.110840 0.957407 0.036133 0.051852
1 0.272949 0.966667 0.032227 0.066667
1 0.588379 0.385185 0.038086 0.044444
1 0.646484 0.314815 0.029297 0.059259
1 0.750000 0.044444 0.025391 0.051852
1 0.669922 0.093519 0.025391 0.064815
1 0.642578 0.088889 0.027344 0.062963
1 0.614746 0.148148 0.026367 0.059259
1 0.513184 0.157407 0.040039 0.055556
1 0.593262 0.224074 0.026367 0.062963
1 0.625000 0.225926 0.027344 0.070370
1 0.646484 0.156481 0.023438 0.053704
1 0.592285 0.320370 0.030273 0.077778
1 0.632324 0.485185 0.040039 0.062963
1 0.647461 0.545370 0.035156 0.057407
1 0.620605 0.562963 0.040039 0.059259
1 0.641602 0.633333 0.039062 0.051852
1 0.611816 0.662963 0.036133 0.051852
1 0.612305 0.711111 0.035156 0.051852
1 0.838867 0.705556 0.041016 0.055556
1 0.843262 0.759259 0.040039 0.059259
1 0.803223 0.770370 0.036133 0.055556
1 0.763184 0.773148 0.038086 0.057407
1 0.749512 0.823148 0.036133 0.057407
1 0.712891 0.835185 0.037109 0.059259
1 0.662598 0.814815 0.036133 0.055556
1 0.813965 0.835185 0.040039 0.059259
0 0.894043 0.874074 0.038086 0.059259
0 0.976074 0.863889 0.036133 0.050000
0 0.820312 0.951852 0.035156 0.055556
0 0.901367 0.929630 0.039062 0.059259
