0 0.485352 0.920370 0.017578 0.103704
0 0.919434 0.499074 0.045898 0.027778
1 0.338867 0.027778 0.019531 0.022222
1 0.501953 0.124074 0.011719 0.040741
1 0.465820 0.329630 0.009766 0.040741
1 0.482422 0.377778 0.011719 0.044444
1 0.584473 0.360185 0.016602 0.038889
1 0.506348 0.366667 0.010742 0.044444
1 0.504883 0.262963 0.011719 0.040741
1 0.493164 0.319444 0.009766 0.038889
1 0.493164 0.365741 0.009766 0.038889
1 0.633301 0.076852 0.022461 0.024074
1 0.345703 0.240741 0.023438 0.025926
1 0.344238 0.182407 0.020508 0.020370
1 0.265137 0.262037 0.020508 0.020370
1 0.304688 0.229630 0.017578 0.029630
1 0.205078 0.438889 0.013672 0.040741
1 0.339844 0.501852 0.021484 0.022222
1 0.041504 0.518519 0.020508 0.022222
1 0.025879 0.543519 0.020508 0.020370
1 0.061035 0.643519 0.014648 0.042593
1 0.140137 0.614815 0.012695 0.040741
1 0.151367 0.641667 0.011719 0.038889
1 0.184570 0.567593 0.023438 0.024074
1 0.159668 0.565741 0.022461 0.020370
1 0.079102 0.567593 0.019531 0.020370
1 0.110840 0.516667 0.020508 0.018519
1 0.110840 0.539815 0.020508 0.020370
1 0.106445 0.569444 0.025391 0.020370
1 0.118164 0.638889 0.013672 0.044444
1 0.181152 0.541667 0.020508 0.020370
1 0.146484 0.715741 0.011719 0.042593
1 0.157227 0.718519 0.009766 0.037037
1 0.168457 0.722222 0.010742 0.044444
1 0.187012 0.714815 0.010742 0.044444
1 0.279297 0.781481 0.017578 0.029630
1 0.214355 0.644444 0.010742 0.037037
1 0.226074 0.641667 0.012695 0.046296
1 0.235840 0.562037 0.020508 0.020370
1 0.263672 0.560185 0.021484 0.024074
1 0.289551 0.559259 0.020508 0.022222
1 0.313965 0.537037 0.018555 0.018519
1 0.335449 0.537037 0.018555 0.018519
1 0.344727 0.560185 0.019531 0.024074
1 0.358398 0.535185 0.021484 0.022222
1 0.381836 0.535185 0.019531 0.022222
1 0.268066 0.701852 0.010742 0.037037
1 0.251465 0.644444 0.010742 0.044444
1 0.215332 0.514815 0.018555 0.014815
1 0.524902 0.768519 0.010742 0.044444
1 0.487305 0.783333 0.009766 0.037037
1 0.524414 0.812037 0.009766 0.038889
1 0.526367 0.861111 0.011719 0.037037
1 0.547852 0.688889 0.011719 0.040741
1 0.559570 0.687037 0.009766 0.037037
1 0.538574 0.600000 0.016602 0.033333
1 0.605469 0.528704 0.021484 0.024074
1 0.617676 0.498148 0.020508 0.022222
1 0.645996 0.520370 0.020508 0.022222
1 0.670898 0.459259 0.019531 0.022222
1 0.693359 0.519444 0.019531 0.020370
1 0.702637 0.610185 0.020508 0.020370
1 0.819336 0.500000 0.019531 0.022222
1 0.783203 0.494444 0.021484 0.018519
1 0.737793 0.497222 0.018555 0.020370
1 0.726074 0.523148 0.018555 0.020370
1 0.775879 0.524074 0.022461 0.022222
1 0.932129 0.525000 0.022461 0.020370
1 0.924805 0.475000 0.023438 0.020370
1 0.970703 0.469444 0.023438 0.024074
1 0.965820 0.494444 0.021484 0.018519
1 0.988770 0.523148 0.020508 0.020370
1 0.963379 0.606481 0.020508 0.016667
