0 0.791016 0.414815 0.099609 0.062963
1 0.536621 0.031481 0.016602 0.059259
1 0.513184 0.041667 0.018555 0.068519
1 0.644531 0.199074 0.031250 0.061111
1 0.698730 0.280556 0.030273 0.050000
1 0.502930 0.117593 0.017578 0.057407
1 0.533203 0.100000 0.017578 0.062963
1 0.528809 0.176852 0.018555 0.068519
1 0.503418 0.200000 0.016602 0.066667
1 0.526855 0.286111 0.016602 0.079630
1 0.399414 0.262037 0.033203 0.057407
1 0.522461 0.399074 0.031250 0.061111
1 0.458496 0.475926 0.038086 0.044444
1 0.699707 0.407407 0.043945 0.040741
1 0.698730 0.445370 0.038086 0.038889
1 0.711914 0.488889 0.042969 0.033333
1 0.703125 0.528704 0.037109 0.031481
1 0.787598 0.457407 0.038086 0.033333
1 0.769043 0.493519 0.041992 0.038889
1 0.744629 0.530556 0.038086 0.038889
1 0.834961 0.502778 0.039062 0.035185
1 0.791992 0.537963 0.041016 0.038889
1 0.746582 0.608333 0.040039 0.038889
1 0.842285 0.546296 0.040039 0.040741
1 0.854492 0.377778 0.037109 0.033333
1 0.937500 0.424074 0.041016 0.040741
1 0.879395 0.466667 0.038086 0.033333
1 0.961914 0.513889 0.039062 0.038889
1 0.877930 0.735185 0.037109 0.059259
1 0.608398 0.613889 0.035156 0.038889
1 0.498535 0.560185 0.034180 0.031481
1 0.491699 0.639815 0.036133 0.035185
0 0.415527 0.675926 0.069336 0.051852
0 0.388184 0.628704 0.067383 0.050000
0 0.298340 0.666667 0.077148 0.048148
0 0.116211 0.601852 0.103516 0.051852
1 0.031738 0.469444 0.040039 0.035185
1 0.028809 0.506481 0.040039 0.035185
1 0.025879 0.545370 0.041992 0.035185
1 0.020508 0.588889 0.035156 0.025926
1 0.089844 0.472222 0.037109 0.037037
1 0.074707 0.512037 0.040039 0.035185
1 0.096191 0.559259 0.040039 0.037037
1 0.121582 0.521296 0.040039 0.031481
1 0.155762 0.483333 0.040039 0.033333
1 0.074707 0.640741 0.036133 0.029630
1 0.122559 0.643519 0.038086 0.038889
1 0.193848 0.529630 0.038086 0.037037
1 0.193359 0.568519 0.037109 0.033333
1 0.203613 0.606481 0.040039 0.035185
1 0.201172 0.655556 0.039062 0.037037
1 0.287598 0.494444 0.036133 0.033333
1 0.291016 0.534259 0.039062 0.035185
1 0.265625 0.575000 0.037109 0.031481
1 0.260742 0.614815 0.037109 0.033333
1 0.348145 0.500926 0.036133 0.027778
1 0.359375 0.586111 0.037109 0.031481
1 0.403809 0.546296 0.030273 0.033333
1 0.441895 0.594444 0.038086 0.033333
1 0.091309 0.074074 0.020508 0.066667
1 0.111816 0.073148 0.018555 0.057407
