1 0.323730 0.160185 0.040039 0.150000
1 0.372559 0.145370 0.038086 0.142593
1 0.415039 0.058333 0.035156 0.112963
1 0.468262 0.187037 0.036133 0.125926
1 0.416504 0.292593 0.036133 0.148148
1 0.471191 0.380556 0.038086 0.135185
0 0.571777 0.346296 0.045898 0.218519
1 0.657227 0.315741 0.035156 0.131481
1 0.610840 0.625926 0.036133 0.151852
1 0.661621 0.830556 0.036133 0.142593
1 0.576172 0.859259 0.035156 0.144444
1 0.532227 0.634259 0.039062 0.146296
1 0.375000 0.415741 0.037109 0.157407
1 0.332520 0.377778 0.036133 0.148148
1 0.047852 0.205556 0.074219 0.114815
1 0.056641 0.450926 0.089844 0.087037
1 0.289551 0.634259 0.071289 0.127778
1 0.403320 0.900926 0.064453 0.150000
1 0.137695 0.697222 0.060547 0.057407
1 0.111328 0.599074 0.082031 0.068519
1 0.039551 0.707407 0.077148 0.062963
1 0.967285 0.415741 0.065430 0.061111
