1 0.274414 0.217593 0.044922 0.142593
1 0.314941 0.152778 0.047852 0.135185
1 0.419434 0.183333 0.040039 0.118519
1 0.464844 0.151852 0.050781 0.166667
1 0.453125 0.400926 0.052734 0.131481
1 0.603027 0.377778 0.045898 0.155556
1 0.942383 0.196296 0.082031 0.088889
1 0.379395 0.287037 0.045898 0.148148
1 0.311035 0.436111 0.045898 0.142593
1 0.358887 0.458333 0.049805 0.153704
1 0.066406 0.325000 0.056641 0.138889
1 0.235840 0.680556 0.090820 0.094444
0 0.614746 0.754630 0.063477 0.235185
1 0.687500 0.626852 0.042969 0.131481
1 0.885742 0.502778 0.074219 0.101852
1 0.448730 0.889815 0.073242 0.135185
1 0.684082 0.933333 0.049805 0.133333
1 0.035156 0.663889 0.068359 0.079630
1 0.131836 0.780556 0.082031 0.090741
1 0.171875 0.862963 0.062500 0.074074
1 0.070312 0.923148 0.085938 0.090741
1 0.039551 0.820370 0.077148 0.088889
