0 0.734863 0.448148 0.118164 0.062963
1 0.468750 0.143519 0.021484 0.079630
1 0.515625 0.153704 0.023438 0.096296
1 0.546875 0.293519 0.029297 0.079630
1 0.568359 0.387037 0.031250 0.074074
1 0.469238 0.490741 0.041992 0.055556
1 0.515137 0.619444 0.030273 0.083333
1 0.605957 0.496296 0.040039 0.070370
1 0.608887 0.575926 0.038086 0.059259
1 0.528809 0.737037 0.022461 0.081481
1 0.533203 0.825926 0.023438 0.085185
1 0.540527 0.925000 0.024414 0.090741
1 0.564941 0.935185 0.022461 0.088889
1 0.591309 0.870370 0.024414 0.092593
1 0.616211 0.865741 0.021484 0.090741
1 0.685547 0.917593 0.029297 0.083333
1 0.664551 0.543519 0.053711 0.064815
1 0.712402 0.626852 0.047852 0.046296
1 0.764160 0.575000 0.047852 0.042593
1 0.816406 0.630556 0.044922 0.042593
1 0.750000 0.506481 0.044922 0.035185
1 0.820801 0.447222 0.045898 0.042593
1 0.810059 0.504630 0.047852 0.046296
1 0.866211 0.505556 0.048828 0.044444
1 0.880371 0.449074 0.043945 0.038889
1 0.916992 0.496296 0.042969 0.040741
1 0.965332 0.443519 0.043945 0.035185
1 0.965332 0.501852 0.047852 0.040741
1 0.157227 0.350000 0.044922 0.040741
1 0.153320 0.104630 0.044922 0.038889
1 0.068359 0.068519 0.041016 0.059259
1 0.031738 0.549074 0.045898 0.035185
1 0.035645 0.600926 0.049805 0.038889
1 0.086914 0.549074 0.041016 0.038889
1 0.106934 0.601852 0.043945 0.040741
1 0.130859 0.548148 0.046875 0.040741
1 0.153320 0.602778 0.042969 0.035185
1 0.184570 0.545370 0.044922 0.038889
1 0.233398 0.544444 0.042969 0.037037
1 0.208008 0.598148 0.041016 0.037037
1 0.250977 0.588889 0.033203 0.033333
