0 0.556641 0.528704 0.039062 0.057407
1 0.480957 0.042593 0.010742 0.040741
1 0.469238 0.143519 0.010742 0.046296
1 0.482422 0.129630 0.011719 0.044444
1 0.495117 0.130556 0.009766 0.046296
1 0.481934 0.183333 0.012695 0.044444
1 0.469727 0.201852 0.011719 0.040741
1 0.556641 0.200000 0.013672 0.044444
1 0.496094 0.238889 0.011719 0.044444
1 0.498047 0.292593 0.009766 0.044444
1 0.499023 0.339815 0.009766 0.042593
1 0.493652 0.081481 0.010742 0.044444
1 0.505859 0.077778 0.009766 0.044444
1 0.507812 0.144444 0.009766 0.044444
1 0.496582 0.185185 0.010742 0.040741
1 0.509277 0.223148 0.008789 0.038889
1 0.509766 0.272222 0.009766 0.044444
1 0.510254 0.329630 0.010742 0.044444
1 0.484375 0.236111 0.011719 0.038889
1 0.485352 0.288889 0.009766 0.040741
1 0.485840 0.336111 0.010742 0.038889
1 0.474609 0.350000 0.009766 0.044444
1 0.460938 0.353704 0.009766 0.040741
1 0.473145 0.299074 0.010742 0.042593
1 0.470215 0.251852 0.010742 0.040741
1 0.635742 0.018519 0.023438 0.022222
1 0.319824 0.105556 0.024414 0.022222
1 0.277832 0.198148 0.018555 0.033333
1 0.320312 0.143519 0.023438 0.024074
1 0.322754 0.205556 0.022461 0.025926
1 0.233887 0.231481 0.024414 0.022222
1 0.254883 0.110185 0.021484 0.020370
1 0.308594 0.364815 0.021484 0.029630
1 0.276855 0.218519 0.018555 0.029630
1 0.170898 0.428704 0.013672 0.038889
1 0.058105 0.441667 0.012695 0.042593
1 0.019531 0.422222 0.011719 0.044444
1 0.040039 0.572222 0.025391 0.022222
1 0.068848 0.543519 0.024414 0.024074
1 0.070312 0.576852 0.027344 0.020370
1 0.093750 0.542593 0.021484 0.022222
1 0.096680 0.567593 0.021484 0.020370
1 0.129395 0.567593 0.026367 0.024074
1 0.122070 0.539815 0.025391 0.024074
1 0.158203 0.541667 0.023438 0.020370
1 0.161621 0.568519 0.024414 0.025926
1 0.197266 0.508333 0.023438 0.024074
1 0.217285 0.535185 0.022461 0.022222
1 0.269043 0.557407 0.024414 0.022222
1 0.319336 0.501852 0.019531 0.018519
1 0.291016 0.531481 0.021484 0.022222
1 0.348633 0.530556 0.019531 0.020370
1 0.333984 0.555556 0.023438 0.018519
1 0.383301 0.550926 0.022461 0.024074
1 0.465820 0.475000 0.019531 0.031481
1 0.499023 0.437963 0.019531 0.038889
1 0.524414 0.397222 0.017578 0.038889
1 0.495117 0.488889 0.023438 0.022222
1 0.492676 0.530556 0.022461 0.024074
1 0.431641 0.554630 0.021484 0.020370
1 0.453613 0.557407 0.022461 0.022222
1 0.480469 0.553704 0.021484 0.025926
1 0.504395 0.556481 0.020508 0.020370
1 0.559082 0.570370 0.018555 0.037037
1 0.524902 0.624074 0.022461 0.040741
1 0.015625 0.659259 0.015625 0.044444
1 0.077637 0.652778 0.012695 0.046296
1 0.102051 0.621296 0.012695 0.050000
1 0.114746 0.655556 0.012695 0.044444
1 0.109863 0.736111 0.012695 0.046296
1 0.122559 0.739815 0.012695 0.046296
1 0.171875 0.650000 0.011719 0.044444
1 0.134277 0.741667 0.012695 0.050000
1 0.224609 0.650926 0.015625 0.046296
1 0.196289 0.650000 0.011719 0.044444
1 0.183594 0.654630 0.013672 0.050000
1 0.154785 0.733333 0.012695 0.044444
1 0.243164 0.713889 0.013672 0.046296
1 0.254883 0.804630 0.019531 0.035185
1 0.318359 0.916667 0.021484 0.025926
1 0.318848 0.940741 0.022461 0.022222
1 0.480957 0.853704 0.012695 0.044444
1 0.488770 0.928704 0.012695 0.046296
1 0.549316 0.690741 0.010742 0.040741
1 0.562500 0.688889 0.011719 0.040741
1 0.535156 0.722222 0.011719 0.044444
1 0.522461 0.726852 0.011719 0.050000
1 0.524414 0.775926 0.011719 0.051852
1 0.523926 0.825000 0.010742 0.038889
1 0.526855 0.878704 0.010742 0.042593
1 0.528320 0.927778 0.011719 0.044444
1 0.553711 0.885185 0.011719 0.044444
1 0.561523 0.783333 0.009766 0.037037
1 0.550293 0.745370 0.010742 0.042593
1 0.561035 0.736111 0.008789 0.038889
1 0.604004 0.484259 0.024414 0.027778
1 0.608398 0.512963 0.021484 0.029630
1 0.653809 0.479630 0.022461 0.022222
1 0.682129 0.501852 0.022461 0.022222
1 0.717285 0.504630 0.022461 0.024074
1 0.768555 0.501852 0.025391 0.025926
1 0.747070 0.584259 0.023438 0.027778
1 0.776855 0.475000 0.022461 0.024074
1 0.826660 0.468519 0.022461 0.022222
1 0.863281 0.497222 0.023438 0.027778
1 0.870117 0.469444 0.025391 0.024074
1 0.955078 0.467593 0.025391 0.024074
