1 0.541504 0.100000 0.061523 0.133333
1 0.786621 0.537037 0.041992 0.155556
1 0.697266 0.685185 0.064453 0.144444
1 0.796875 0.833333 0.054688 0.125926
1 0.583496 0.368519 0.049805 0.118519
1 0.442871 0.250926 0.055664 0.131481
1 0.543457 0.423148 0.059570 0.146296
1 0.556641 0.612037 0.068359 0.150000
1 0.349121 0.179630 0.055664 0.122222
1 0.251953 0.068519 0.060547 0.133333
1 0.142578 0.067593 0.062500 0.131481
1 0.237305 0.177778 0.060547 0.125926
1 0.216309 0.279630 0.055664 0.129630
1 0.062500 0.443519 0.042969 0.164815
1 0.035156 0.712037 0.056641 0.135185
1 0.225586 0.817593 0.078125 0.079630
1 0.431152 0.849074 0.083008 0.094444
1 0.433594 0.424074 0.062500 0.125926
1 0.327637 0.297222 0.061523 0.142593
1 0.338867 0.481481 0.060547 0.140741
1 0.292969 0.494444 0.056641 0.133333
