1 0.339844 0.388889 0.029297 0.144444
1 0.340332 0.136111 0.036133 0.146296
1 0.390625 0.176852 0.037109 0.142593
1 0.435059 0.078704 0.036133 0.146296
1 0.487305 0.152778 0.033203 0.127778
1 0.571289 0.274074 0.031250 0.151852
1 0.614746 0.303704 0.034180 0.159259
1 0.533691 0.503704 0.038086 0.148148
1 0.611328 0.632407 0.035156 0.157407
1 0.568359 0.834259 0.033203 0.150000
1 0.659668 0.675926 0.036133 0.140741
1 0.424805 0.373148 0.037109 0.142593
1 0.481445 0.321296 0.037109 0.142593
1 0.379395 0.477778 0.038086 0.162963
1 0.308594 0.633333 0.062500 0.125926
1 0.181152 0.407407 0.081055 0.114815
1 0.113770 0.486111 0.081055 0.072222
1 0.134766 0.586111 0.064453 0.061111
1 0.039062 0.581481 0.076172 0.070370
1 0.030273 0.465741 0.058594 0.061111
