0 0.488770 0.730556 0.028320 0.105556
1 0.514648 0.613889 0.015625 0.038889
1 0.499023 0.062037 0.013672 0.050000
1 0.563477 0.082407 0.013672 0.046296
1 0.645020 0.022222 0.022461 0.025926
1 0.464355 0.175000 0.010742 0.046296
1 0.513672 0.163889 0.011719 0.046296
1 0.478516 0.358333 0.011719 0.050000
1 0.490723 0.346296 0.012695 0.040741
1 0.503906 0.343519 0.011719 0.046296
1 0.489746 0.294444 0.012695 0.044444
1 0.323242 0.105556 0.025391 0.025926
1 0.236328 0.230556 0.027344 0.024074
1 0.279297 0.196296 0.019531 0.037037
1 0.325195 0.208333 0.025391 0.024074
1 0.279297 0.218519 0.019531 0.029630
1 0.169434 0.430556 0.014648 0.042593
1 0.155762 0.439815 0.014648 0.042593
1 0.055664 0.438889 0.011719 0.044444
1 0.016113 0.417593 0.012695 0.042593
1 0.028809 0.575000 0.024414 0.024074
1 0.010254 0.660185 0.016602 0.046296
1 0.060547 0.576852 0.031250 0.027778
1 0.064453 0.544444 0.025391 0.022222
1 0.090332 0.542593 0.022461 0.025926
1 0.092285 0.569444 0.022461 0.020370
1 0.073242 0.653704 0.013672 0.048148
1 0.097656 0.627778 0.013672 0.044444
1 0.111328 0.659259 0.011719 0.048148
1 0.104980 0.739815 0.012695 0.046296
1 0.118164 0.742593 0.011719 0.044444
1 0.129395 0.745370 0.012695 0.050000
1 0.138672 0.739815 0.011719 0.042593
1 0.150391 0.738889 0.013672 0.048148
1 0.179688 0.658333 0.013672 0.042593
1 0.119141 0.571296 0.025391 0.024074
1 0.125977 0.513889 0.021484 0.020370
1 0.201660 0.514815 0.022461 0.025926
1 0.146484 0.575000 0.023438 0.024074
1 0.222656 0.659259 0.015625 0.051852
1 0.193359 0.656481 0.013672 0.046296
1 0.240234 0.721296 0.013672 0.046296
1 0.252441 0.812963 0.020508 0.033333
1 0.235352 0.566667 0.027344 0.025926
1 0.204590 0.566667 0.022461 0.018519
1 0.230469 0.538889 0.021484 0.022222
1 0.284668 0.512037 0.020508 0.020370
1 0.265137 0.565741 0.022461 0.024074
1 0.290527 0.537963 0.022461 0.024074
1 0.300293 0.564815 0.024414 0.025926
1 0.313477 0.539815 0.023438 0.024074
1 0.325684 0.565741 0.022461 0.020370
1 0.369141 0.499074 0.023438 0.024074
1 0.340820 0.537037 0.023438 0.022222
1 0.366699 0.537037 0.022461 0.022222
1 0.116699 0.541667 0.026367 0.024074
1 0.142090 0.545370 0.024414 0.020370
1 0.261719 0.537963 0.025391 0.024074
1 0.528809 0.948148 0.012695 0.044444
1 0.529297 0.899074 0.011719 0.042593
1 0.526367 0.844444 0.009766 0.044444
1 0.527344 0.792593 0.011719 0.048148
1 0.525391 0.744444 0.011719 0.044444
1 0.538574 0.741667 0.010742 0.050000
1 0.552734 0.708333 0.011719 0.046296
1 0.566406 0.703704 0.009766 0.044444
1 0.563477 0.751852 0.011719 0.040741
1 0.553711 0.539815 0.019531 0.031481
1 0.527344 0.645370 0.019531 0.038889
1 0.599609 0.533333 0.023438 0.029630
1 0.636230 0.636111 0.020508 0.031481
1 0.673828 0.450000 0.023438 0.025926
1 0.640625 0.520370 0.023438 0.025926
1 0.676270 0.521296 0.022461 0.027778
1 0.728027 0.493519 0.024414 0.024074
1 0.731445 0.522222 0.025391 0.022222
1 0.755371 0.459259 0.028320 0.018519
1 0.869141 0.488889 0.025391 0.022222
1 0.814941 0.458333 0.024414 0.024074
1 0.777832 0.491667 0.024414 0.024074
1 0.774414 0.519444 0.023438 0.024074
1 0.809082 0.515741 0.022461 0.024074
1 0.848633 0.522222 0.025391 0.025926
1 0.821777 0.489815 0.024414 0.024074
1 0.848145 0.616667 0.020508 0.022222
1 0.901367 0.493519 0.021484 0.024074
1 0.985840 0.523148 0.022461 0.024074
1 0.952148 0.520370 0.025391 0.022222
1 0.920410 0.518519 0.024414 0.022222
1 0.884766 0.518519 0.023438 0.022222
1 0.315430 0.955556 0.021484 0.022222
1 0.316895 0.932407 0.024414 0.024074
