1 0.298828 0.264815 0.039062 0.040741
1 0.095215 0.353704 0.038086 0.040741
1 0.059570 0.375000 0.037109 0.038889
1 0.109375 0.398148 0.039062 0.040741
1 0.092285 0.430556 0.043945 0.042593
1 0.039062 0.453704 0.037109 0.037037
0 0.193848 0.520370 0.098633 0.077778
1 0.118164 0.530556 0.035156 0.035185
1 0.163574 0.550926 0.038086 0.042593
1 0.210449 0.478704 0.038086 0.038889
1 0.185547 0.429630 0.037109 0.040741
1 0.197754 0.391667 0.036133 0.038889
1 0.259766 0.422222 0.039062 0.044444
1 0.294922 0.475000 0.039062 0.038889
1 0.296387 0.513889 0.038086 0.038889
1 0.289062 0.554630 0.041016 0.038889
1 0.282715 0.600000 0.036133 0.044444
1 0.412109 0.464815 0.035156 0.029630
1 0.502930 0.422222 0.035156 0.044444
1 0.394043 0.556481 0.036133 0.038889
1 0.357910 0.582407 0.034180 0.038889
0 0.408203 0.651852 0.082031 0.070370
1 0.459961 0.538889 0.039062 0.044444
0 0.496094 0.637963 0.066406 0.068519
1 0.530762 0.606481 0.038086 0.042593
1 0.579590 0.586111 0.034180 0.038889
0 0.538574 0.703704 0.071289 0.062963
1 0.621582 0.650926 0.040039 0.042593
1 0.664062 0.625926 0.037109 0.037037
1 0.696289 0.721296 0.037109 0.035185
1 0.873047 0.762037 0.039062 0.046296
1 0.580566 0.037963 0.020508 0.068519
1 0.659668 0.110185 0.020508 0.061111
1 0.538086 0.118519 0.023438 0.062963
1 0.554688 0.047222 0.019531 0.064815
1 0.570312 0.109259 0.017578 0.055556
1 0.601074 0.167593 0.022461 0.064815
1 0.560547 0.187037 0.021484 0.070370
1 0.532715 0.205556 0.018555 0.070370
1 0.549316 0.296296 0.022461 0.081481
1 0.587891 0.326852 0.027344 0.061111
1 0.731934 0.372222 0.036133 0.051852
0 0.803711 0.495370 0.101562 0.075926
1 0.710938 0.462963 0.044922 0.044444
1 0.707031 0.501852 0.039062 0.044444
1 0.704102 0.541667 0.042969 0.042593
1 0.705566 0.581481 0.038086 0.040741
1 0.792480 0.537963 0.040039 0.035185
1 0.764160 0.563889 0.043945 0.046296
1 0.747070 0.601852 0.037109 0.037037
1 0.793945 0.619444 0.041016 0.042593
1 0.834961 0.597222 0.039062 0.042593
1 0.843262 0.640741 0.043945 0.044444
1 0.848145 0.559259 0.038086 0.037037
1 0.891602 0.527778 0.039062 0.040741
1 0.917969 0.626852 0.039062 0.038889
1 0.954102 0.592593 0.041016 0.037037
