1 0.479980 0.043519 0.016602 0.072222
1 0.418457 0.210185 0.024414 0.064815
1 0.476074 0.119444 0.014648 0.061111
1 0.480469 0.200926 0.015625 0.064815
1 0.502930 0.027778 0.015625 0.051852
1 0.503906 0.096296 0.015625 0.062963
1 0.506348 0.174074 0.018555 0.074074
1 0.508301 0.282407 0.020508 0.087037
1 0.664551 0.242593 0.038086 0.059259
1 0.727051 0.280556 0.032227 0.042593
1 0.058105 0.162963 0.020508 0.066667
1 0.079590 0.159259 0.020508 0.062963
1 0.020996 0.575926 0.040039 0.037037
1 0.020508 0.610185 0.039062 0.035185
1 0.020996 0.651852 0.040039 0.040741
1 0.018066 0.697222 0.034180 0.031481
1 0.076660 0.562963 0.040039 0.033333
1 0.067383 0.606481 0.044922 0.035185
1 0.072266 0.649074 0.042969 0.035185
0 0.107910 0.685185 0.104492 0.051852
0 0.273926 0.712963 0.090820 0.048148
0 0.345215 0.661111 0.069336 0.044444
0 0.378906 0.699074 0.074219 0.042593
1 0.132812 0.559259 0.041016 0.037037
1 0.116211 0.603704 0.039062 0.029630
1 0.166016 0.598148 0.041016 0.033333
1 0.153320 0.644444 0.041016 0.033333
1 0.225098 0.630556 0.040039 0.035185
1 0.238281 0.546296 0.037109 0.029630
1 0.241211 0.584259 0.041016 0.035185
1 0.294434 0.544444 0.038086 0.033333
1 0.302246 0.625000 0.038086 0.035185
1 0.340332 0.576852 0.034180 0.035185
1 0.381836 0.525926 0.039062 0.037037
1 0.383789 0.613889 0.039062 0.038889
1 0.427246 0.565741 0.034180 0.031481
1 0.469238 0.465741 0.036133 0.057407
1 0.195312 0.674074 0.042969 0.033333
1 0.241699 0.671296 0.038086 0.038889
1 0.070312 0.735185 0.037109 0.033333
1 0.120117 0.725926 0.039062 0.029630
1 0.183594 0.725000 0.039062 0.031481
1 0.429688 0.650000 0.037109 0.037037
1 0.489258 0.602778 0.037109 0.035185
1 0.615723 0.562037 0.036133 0.031481
0 0.777832 0.353704 0.100586 0.062963
1 0.685547 0.365741 0.044922 0.038889
1 0.687500 0.406481 0.037109 0.038889
1 0.703613 0.446296 0.041992 0.040741
1 0.696289 0.487963 0.037109 0.038889
1 0.776367 0.400000 0.037109 0.033333
1 0.760254 0.439815 0.043945 0.038889
1 0.738770 0.481481 0.041992 0.037037
1 0.785645 0.477778 0.038086 0.037037
1 0.834961 0.474074 0.039062 0.040741
1 0.844238 0.433333 0.038086 0.033333
1 0.906250 0.385185 0.039062 0.040741
1 0.855957 0.719444 0.024414 0.072222
