0 0.763184 0.434259 0.129883 0.064815
1 0.516602 0.097222 0.021484 0.101852
1 0.465332 0.475926 0.026367 0.100000
1 0.481445 0.957407 0.025391 0.085185
1 0.511230 0.540741 0.030273 0.092593
1 0.507324 0.343519 0.030273 0.087037
1 0.533203 0.206481 0.025391 0.087037
1 0.540039 0.319444 0.031250 0.098148
1 0.554688 0.498148 0.044922 0.081481
1 0.582520 0.446296 0.049805 0.096296
1 0.621582 0.603704 0.051758 0.074074
1 0.643066 0.541667 0.053711 0.068519
1 0.521973 0.657407 0.028320 0.096296
1 0.532227 0.773148 0.027344 0.090741
1 0.536621 0.863889 0.028320 0.090741
1 0.543945 0.962037 0.025391 0.075926
1 0.854980 0.434259 0.053711 0.042593
1 0.775879 0.500926 0.049805 0.050000
1 0.843750 0.493519 0.046875 0.046296
1 0.921387 0.434259 0.049805 0.046296
1 0.960938 0.488889 0.050781 0.044444
1 0.905762 0.494444 0.051758 0.044444
1 0.024902 0.484259 0.047852 0.042593
1 0.038574 0.547222 0.047852 0.042593
1 0.088867 0.547222 0.050781 0.046296
1 0.146484 0.545370 0.048828 0.050000
1 0.201660 0.542593 0.049805 0.048148
1 0.061035 0.607407 0.051758 0.044444
1 0.113281 0.607407 0.046875 0.051852
1 0.174316 0.603704 0.047852 0.040741
1 0.221191 0.593519 0.041992 0.038889
