1 0.513672 0.050926 0.025391 0.098148
1 0.526855 0.189815 0.028320 0.090741
1 0.548828 0.293519 0.031250 0.087037
0 0.756836 0.436111 0.125000 0.068519
1 0.506348 0.525926 0.034180 0.081481
1 0.546875 0.467593 0.033203 0.072222
1 0.570312 0.412037 0.037109 0.079630
1 0.626953 0.507407 0.054688 0.085185
1 0.625000 0.584259 0.050781 0.072222
1 0.704102 0.565741 0.050781 0.057407
1 0.714844 0.629630 0.050781 0.055556
1 0.521484 0.648148 0.031250 0.096296
1 0.473145 0.885185 0.024414 0.100000
1 0.531738 0.762037 0.024414 0.090741
1 0.534180 0.852778 0.029297 0.083333
1 0.597656 0.905556 0.025391 0.092593
1 0.625977 0.933333 0.027344 0.092593
1 0.567871 0.960185 0.022461 0.079630
1 0.542480 0.955556 0.024414 0.088889
1 0.053223 0.549074 0.045898 0.046296
1 0.073730 0.604630 0.049805 0.046296
1 0.101074 0.550000 0.049805 0.051852
1 0.125000 0.605556 0.048828 0.044444
1 0.156250 0.546296 0.046875 0.044444
1 0.209473 0.545370 0.045898 0.035185
1 0.183594 0.600926 0.042969 0.042593
1 0.229492 0.589815 0.037109 0.042593
1 0.771484 0.501852 0.050781 0.044444
1 0.843262 0.437037 0.045898 0.040741
1 0.833496 0.497222 0.045898 0.042593
1 0.909668 0.438889 0.047852 0.044444
1 0.894531 0.499074 0.050781 0.046296
1 0.947266 0.493519 0.046875 0.042593
1 0.128906 0.335185 0.048828 0.044444
1 0.126953 0.249074 0.046875 0.042593
1 0.034180 0.033333 0.046875 0.062963
1 0.124512 0.069444 0.045898 0.046296
