0 0.365723 0.225926 0.151367 0.100000
0 0.561523 0.229630 0.101562 0.114815
1 0.359863 0.487963 0.106445 0.087037
1 0.366699 0.405556 0.065430 0.070370
1 0.438965 0.320370 0.077148 0.077778
2 0.195312 0.350000 0.089844 0.077778
1 0.082520 0.453704 0.083008 0.074074
1 0.142090 0.626852 0.083008 0.068519
1 0.060547 0.641667 0.074219 0.057407
1 0.108398 0.717593 0.082031 0.075926
1 0.053223 0.806481 0.079102 0.068519
1 0.042969 0.895370 0.082031 0.068519
1 0.178711 0.787037 0.085938 0.070370
1 0.180176 0.875926 0.079102 0.070370
2 0.570312 0.877778 0.087891 0.181481
2 0.695801 0.696296 0.081055 0.137037
1 0.557129 0.384259 0.081055 0.064815
1 0.568359 0.472222 0.078125 0.070370
1 0.749512 0.360185 0.077148 0.072222
1 0.766602 0.181481 0.080078 0.074074
1 0.802734 0.271296 0.074219 0.072222
1 0.789062 0.439815 0.089844 0.079630
2 0.837402 0.525926 0.122070 0.092593
1 0.915527 0.336111 0.083008 0.068519
