0 0.473145 0.681481 0.071289 0.062963
0 0.145020 0.550000 0.098633 0.066667
0 0.346191 0.645370 0.084961 0.057407
0 0.437988 0.622222 0.069336 0.062963
0 0.798828 0.455556 0.101562 0.066667
1 0.535645 0.048148 0.020508 0.066667
1 0.521973 0.119444 0.018555 0.061111
1 0.356934 0.281481 0.036133 0.044444
1 0.518555 0.203704 0.017578 0.062963
1 0.546387 0.181481 0.018555 0.070370
1 0.553223 0.103704 0.014648 0.055556
1 0.560547 0.031481 0.017578 0.059259
1 0.642090 0.101852 0.020508 0.070370
1 0.538086 0.289815 0.017578 0.075926
1 0.565918 0.310185 0.026367 0.068519
1 0.670898 0.225926 0.027344 0.055556
1 0.706543 0.437037 0.043945 0.040741
1 0.704102 0.475926 0.037109 0.040741
1 0.773438 0.386111 0.037109 0.046296
1 0.711914 0.518519 0.041016 0.037037
1 0.704590 0.555556 0.038086 0.037037
1 0.747070 0.566667 0.039062 0.037037
1 0.739258 0.672222 0.037109 0.044444
1 0.772461 0.535185 0.042969 0.037037
1 0.793945 0.500926 0.039062 0.031481
1 0.858398 0.512037 0.035156 0.031481
1 0.834961 0.552778 0.039062 0.035185
1 0.794434 0.582407 0.038086 0.038889
1 0.845215 0.597222 0.040039 0.035185
1 0.900391 0.480556 0.037109 0.035185
1 0.939453 0.577778 0.039062 0.037037
1 0.902344 0.691667 0.041016 0.038889
1 0.926270 0.780556 0.040039 0.038889
1 0.490234 0.553704 0.029297 0.033333
1 0.530273 0.419444 0.033203 0.050000
1 0.573730 0.578704 0.036133 0.035185
1 0.524902 0.606481 0.038086 0.038889
1 0.580078 0.666667 0.037109 0.037037
1 0.423340 0.466667 0.036133 0.040741
1 0.441895 0.581481 0.036133 0.033333
1 0.240234 0.620370 0.037109 0.037037
1 0.341309 0.474074 0.036133 0.037037
1 0.366211 0.522222 0.037109 0.033333
1 0.320312 0.552778 0.037109 0.038889
1 0.303223 0.590741 0.038086 0.040741
1 0.238281 0.571296 0.039062 0.035185
1 0.238281 0.532407 0.037109 0.038889
1 0.239258 0.492593 0.039062 0.037037
1 0.204590 0.441667 0.036133 0.038889
1 0.049805 0.403704 0.039062 0.037037
1 0.130371 0.419444 0.036133 0.038889
1 0.140625 0.466667 0.041016 0.037037
1 0.150879 0.508333 0.041992 0.035185
1 0.139648 0.590741 0.041016 0.037037
1 0.089355 0.580556 0.036133 0.035185
1 0.025879 0.517593 0.036133 0.035185
1 0.047363 0.478704 0.041992 0.038889
1 0.084473 0.450000 0.040039 0.037037
1 0.041504 0.436111 0.038086 0.038889
