2 0.321289 0.942593 0.054688 0.051852
1 0.518555 0.899074 0.015625 0.053704
1 0.281250 0.737037 0.017578 0.040741
1 0.347168 0.732407 0.032227 0.031481
1 0.350098 0.700926 0.030273 0.031481
1 0.316406 0.476852 0.027344 0.027778
1 0.344727 0.365741 0.011719 0.027778
1 0.370605 0.367593 0.014648 0.027778
1 0.357422 0.365741 0.013672 0.027778
1 0.359863 0.421296 0.012695 0.031481
1 0.373047 0.422222 0.013672 0.033333
1 0.380859 0.514815 0.027344 0.022222
1 0.384766 0.493519 0.025391 0.024074
1 0.309082 0.443519 0.022461 0.024074
1 0.370605 0.589815 0.026367 0.027778
1 0.462402 0.287963 0.010742 0.027778
1 0.457520 0.421296 0.010742 0.035185
1 0.474121 0.398148 0.010742 0.037037
1 0.509277 0.375000 0.012695 0.027778
1 0.523438 0.330556 0.011719 0.027778
1 0.533691 0.285185 0.010742 0.025926
1 0.520508 0.236111 0.009766 0.024074
1 0.498047 0.262963 0.013672 0.025926
1 0.538574 0.319444 0.010742 0.024074
1 0.526855 0.409259 0.012695 0.037037
1 0.511230 0.436111 0.012695 0.031481
1 0.543945 0.414815 0.011719 0.029630
1 0.528320 0.480556 0.011719 0.035185
1 0.548340 0.481481 0.012695 0.037037
1 0.511719 0.534259 0.011719 0.038889
1 0.531738 0.568519 0.014648 0.044444
1 0.551270 0.569444 0.012695 0.042593
2 0.615234 0.568519 0.054688 0.048148
1 0.514160 0.640741 0.012695 0.040741
1 0.534668 0.681481 0.014648 0.044444
1 0.650391 0.795370 0.035156 0.035185
1 0.646484 0.764815 0.031250 0.025926
1 0.515137 0.737963 0.018555 0.050000
1 0.540527 0.798148 0.016602 0.055556
1 0.541992 0.883333 0.019531 0.062963
2 0.383301 0.937037 0.032227 0.125926
1 0.322754 0.907407 0.041992 0.033333
1 0.326660 0.875926 0.038086 0.029630
1 0.332520 0.847222 0.032227 0.031481
1 0.281250 0.527778 0.021484 0.022222
1 0.510254 0.185185 0.006836 0.018519
1 0.550781 0.271296 0.015625 0.024074
1 0.511719 0.253704 0.007812 0.018519
1 0.480957 0.282407 0.008789 0.027778
1 0.447266 0.252778 0.015625 0.016667
1 0.307129 0.591667 0.022461 0.038889
1 0.294922 0.581481 0.023438 0.048148
1 0.500000 0.234259 0.013672 0.024074
