1 0.615234 0.685185 0.031250 0.122222
1 0.617676 0.186111 0.036133 0.146296
1 0.664062 0.273148 0.037109 0.138889
1 0.574707 0.353704 0.034180 0.148148
1 0.479980 0.296296 0.040039 0.137037
1 0.486816 0.135185 0.034180 0.129630
1 0.432617 0.213889 0.035156 0.146296
1 0.386230 0.313889 0.036133 0.142593
1 0.337402 0.232407 0.032227 0.142593
1 0.337891 0.528704 0.033203 0.146296
1 0.422363 0.559259 0.030273 0.144444
1 0.373047 0.704630 0.037109 0.153704
1 0.135254 0.561111 0.059570 0.059259
1 0.142578 0.882407 0.066406 0.116667
1 0.111328 0.464815 0.083984 0.066667
1 0.202637 0.414815 0.069336 0.122222
1 0.038086 0.561111 0.074219 0.062963
1 0.562500 0.925926 0.035156 0.148148
