1 0.235352 0.842593 0.039062 0.037037
1 0.228027 0.779630 0.036133 0.029630
1 0.301758 0.737037 0.019531 0.051852
1 0.318359 0.737037 0.019531 0.051852
1 0.285156 0.636111 0.021484 0.042593
1 0.320801 0.638889 0.020508 0.048148
1 0.236328 0.751852 0.035156 0.029630
1 0.327637 0.875000 0.036133 0.031481
1 0.321289 0.917593 0.039062 0.038889
1 0.312500 0.961111 0.041016 0.037037
1 0.416504 0.935185 0.018555 0.066667
1 0.470215 0.935185 0.018555 0.070370
1 0.509766 0.845370 0.015625 0.057407
1 0.533203 0.875000 0.019531 0.061111
1 0.551270 0.783333 0.016602 0.055556
1 0.507324 0.731481 0.016602 0.051852
1 0.528320 0.658333 0.013672 0.050000
1 0.549316 0.665741 0.014648 0.050000
1 0.508789 0.623148 0.013672 0.046296
1 0.461426 0.595370 0.016602 0.064815
1 0.442871 0.541667 0.016602 0.042593
1 0.507812 0.537963 0.013672 0.042593
1 0.524414 0.524074 0.013672 0.037037
1 0.546875 0.572222 0.015625 0.040741
1 0.490234 0.460185 0.017578 0.031481
1 0.422852 0.445370 0.021484 0.024074
1 0.452148 0.469444 0.011719 0.038889
1 0.470703 0.481481 0.013672 0.040741
1 0.521973 0.438889 0.016602 0.044444
1 0.499512 0.426852 0.016602 0.035185
1 0.451172 0.399074 0.013672 0.035185
1 0.470215 0.376852 0.010742 0.031481
1 0.487305 0.385185 0.009766 0.029630
1 0.512207 0.355556 0.010742 0.029630
1 0.533203 0.375000 0.011719 0.035185
1 0.231445 0.387037 0.019531 0.025926
1 0.336914 0.350926 0.013672 0.024074
1 0.301758 0.366667 0.021484 0.018519
1 0.254883 0.387037 0.019531 0.029630
1 0.077637 0.286111 0.018555 0.024074
1 0.076172 0.235185 0.021484 0.018519
