1 0.147461 0.311111 0.013672 0.033333
1 0.159180 0.312963 0.013672 0.033333
1 0.161621 0.465741 0.016602 0.031481
1 0.222168 0.445370 0.022461 0.024074
1 0.200195 0.480556 0.023438 0.024074
1 0.225586 0.480556 0.019531 0.035185
1 0.243164 0.488889 0.027344 0.025926
1 0.276367 0.454630 0.023438 0.024074
1 0.260742 0.532407 0.025391 0.027778
1 0.039062 0.354630 0.019531 0.024074
1 0.039551 0.290741 0.022461 0.018519
1 0.057617 0.325000 0.017578 0.027778
1 0.203613 0.315741 0.012695 0.031481
1 0.316406 0.437963 0.017578 0.031481
1 0.294922 0.537963 0.029297 0.024074
1 0.407715 0.552778 0.024414 0.027778
1 0.440918 0.565741 0.014648 0.046296
1 0.427246 0.675926 0.016602 0.048148
1 0.460449 0.641667 0.012695 0.042593
1 0.491211 0.625000 0.019531 0.042593
1 0.481934 0.567593 0.018555 0.042593
1 0.504883 0.687963 0.015625 0.046296
1 0.542969 0.730556 0.019531 0.053704
1 0.438965 0.819444 0.016602 0.061111
1 0.500000 0.802778 0.013672 0.057407
1 0.522461 0.808333 0.015625 0.057407
1 0.544434 0.845370 0.016602 0.057407
1 0.459961 0.922222 0.017578 0.070370
1 0.498535 0.919444 0.018555 0.064815
1 0.187988 0.772222 0.024414 0.040741
1 0.246094 0.795370 0.023438 0.053704
1 0.268555 0.795370 0.025391 0.061111
1 0.287109 0.801852 0.023438 0.059259
1 0.194336 0.886111 0.033203 0.035185
1 0.260742 0.930556 0.023438 0.068519
1 0.278320 0.932407 0.023438 0.068519
1 0.188965 0.919444 0.043945 0.038889
1 0.183594 0.953704 0.039062 0.040741
1 0.171875 0.983333 0.041016 0.033333
1 0.542480 0.628704 0.016602 0.042593
1 0.520020 0.566667 0.016602 0.044444
1 0.499023 0.540741 0.021484 0.040741
1 0.462891 0.501852 0.013672 0.044444
1 0.483398 0.499074 0.013672 0.038889
1 0.517090 0.453704 0.012695 0.033333
1 0.669922 0.592593 0.031250 0.033333
1 0.519043 0.376852 0.012695 0.042593
1 0.446777 0.465741 0.012695 0.035185
1 0.468262 0.354630 0.012695 0.035185
1 0.450684 0.406481 0.012695 0.031481
1 0.464355 0.418519 0.010742 0.037037
1 0.483887 0.418519 0.010742 0.033333
1 0.482422 0.461111 0.011719 0.037037
1 0.485352 0.382407 0.009766 0.031481
1 0.484863 0.356481 0.010742 0.031481
1 0.486816 0.326852 0.008789 0.031481
1 0.472656 0.267593 0.009766 0.027778
1 0.487305 0.294444 0.009766 0.029630
1 0.523438 0.312963 0.011719 0.025926
1 0.505859 0.293519 0.011719 0.027778
2 0.533691 0.267593 0.012695 0.038889
1 0.092285 0.313889 0.014648 0.027778
1 0.104492 0.312963 0.013672 0.025926
1 0.114258 0.316667 0.013672 0.025926
1 0.127441 0.313889 0.010742 0.031481
1 0.829590 0.452778 0.014648 0.035185
1 0.856445 0.457407 0.017578 0.040741
1 0.871094 0.459259 0.017578 0.033333
1 0.904785 0.456481 0.018555 0.035185
1 0.936035 0.455556 0.020508 0.037037
1 0.475586 0.211111 0.009766 0.022222
1 0.506836 0.212037 0.009766 0.024074
1 0.515137 0.193519 0.008789 0.020370
