0 0.609863 0.492593 0.075195 0.062963
1 0.491211 0.602778 0.027344 0.053704
1 0.041016 0.417593 0.021484 0.050000
1 0.060059 0.402778 0.018555 0.053704
1 0.147461 0.138889 0.031250 0.029630
1 0.147949 0.194444 0.030273 0.029630
1 0.149902 0.249074 0.030273 0.024074
1 0.266602 0.237963 0.027344 0.024074
1 0.267578 0.406481 0.031250 0.027778
1 0.264648 0.106481 0.031250 0.031481
1 0.204102 0.093519 0.027344 0.042593
1 0.202148 0.122222 0.025391 0.037037
1 0.208008 0.179630 0.029297 0.033333
1 0.208496 0.210185 0.028320 0.038889
1 0.023438 0.556481 0.031250 0.027778
1 0.027832 0.591667 0.034180 0.031481
1 0.062012 0.553704 0.032227 0.029630
1 0.066895 0.585185 0.036133 0.025926
1 0.106934 0.547222 0.030273 0.027778
1 0.104492 0.580556 0.031250 0.027778
1 0.139648 0.547222 0.027344 0.024074
1 0.173340 0.501852 0.028320 0.025926
1 0.180664 0.544444 0.031250 0.029630
1 0.145996 0.580556 0.032227 0.031481
1 0.184570 0.580556 0.031250 0.031481
1 0.009766 0.704630 0.017578 0.057407
1 0.057129 0.702778 0.016602 0.053704
1 0.073242 0.707407 0.019531 0.059259
1 0.090820 0.702778 0.019531 0.061111
1 0.107910 0.700926 0.016602 0.061111
1 0.128418 0.705556 0.020508 0.062963
1 0.147949 0.703704 0.016602 0.055556
1 0.034180 0.812963 0.017578 0.055556
1 0.018555 0.814815 0.015625 0.059259
1 0.151855 0.778704 0.018555 0.057407
1 0.077148 0.842593 0.019531 0.051852
1 0.094238 0.837963 0.024414 0.057407
1 0.145020 0.862037 0.016602 0.053704
1 0.167480 0.907407 0.026367 0.048148
1 0.176758 0.933333 0.027344 0.051852
1 0.219727 0.543519 0.029297 0.027778
1 0.233398 0.580556 0.031250 0.027778
1 0.250488 0.544444 0.030273 0.029630
1 0.265625 0.582407 0.029297 0.027778
1 0.286133 0.541667 0.031250 0.027778
1 0.320801 0.540741 0.030273 0.025926
1 0.303711 0.578704 0.027344 0.027778
1 0.333008 0.571296 0.023438 0.024074
1 0.339355 0.500926 0.032227 0.027778
1 0.413086 0.502778 0.027344 0.031481
1 0.400391 0.537037 0.029297 0.037037
1 0.482910 0.217593 0.012695 0.057407
1 0.467773 0.303704 0.013672 0.059259
1 0.483887 0.287037 0.014648 0.051852
1 0.517578 0.276852 0.015625 0.057407
1 0.644043 0.344444 0.026367 0.048148
1 0.533203 0.883333 0.015625 0.070370
1 0.530762 0.819444 0.012695 0.061111
1 0.548340 0.811111 0.014648 0.059259
1 0.566895 0.767593 0.014648 0.061111
1 0.584473 0.762963 0.016602 0.051852
1 0.584961 0.833333 0.021484 0.066667
1 0.583984 0.896296 0.011719 0.055556
1 0.610352 0.937037 0.017578 0.059259
1 0.636719 0.769444 0.025391 0.061111
1 0.675781 0.676852 0.027344 0.046296
1 0.677734 0.478704 0.029297 0.035185
1 0.647461 0.521296 0.031250 0.031481
1 0.634277 0.577778 0.026367 0.033333
1 0.690918 0.516667 0.030273 0.029630
1 0.678711 0.581481 0.029297 0.033333
1 0.726074 0.480556 0.028320 0.031481
1 0.749512 0.517593 0.032227 0.031481
1 0.729004 0.654630 0.028320 0.027778
1 0.782715 0.582407 0.028320 0.027778
1 0.788574 0.478704 0.030273 0.031481
1 0.785645 0.513889 0.030273 0.027778
1 0.824219 0.516667 0.031250 0.029630
1 0.854492 0.478704 0.033203 0.031481
1 0.862305 0.517593 0.031250 0.031481
1 0.861816 0.603704 0.028320 0.029630
1 0.896973 0.475000 0.034180 0.035185
1 0.905273 0.513889 0.031250 0.031481
1 0.935059 0.472222 0.030273 0.033333
1 0.942383 0.504630 0.031250 0.035185
1 0.969238 0.475000 0.030273 0.031481
1 0.980469 0.515741 0.033203 0.027778
1 0.946289 0.589815 0.037109 0.031481
1 0.985352 0.562037 0.029297 0.031481
