1 0.239746 0.741667 0.059570 0.083333
1 0.314453 0.840741 0.064453 0.103704
1 0.458008 0.624074 0.039062 0.066667
1 0.489258 0.680556 0.035156 0.072222
1 0.622070 0.858333 0.042969 0.087037
1 0.549316 0.743519 0.036133 0.068519
1 0.583496 0.782407 0.036133 0.079630
1 0.608398 0.701852 0.035156 0.066667
1 0.533203 0.483333 0.025391 0.040741
1 0.585449 0.470370 0.030273 0.029630
1 0.588867 0.391667 0.017578 0.035185
1 0.627930 0.359259 0.015625 0.025926
1 0.600098 0.502778 0.028320 0.035185
1 0.598145 0.538889 0.026367 0.044444
1 0.598633 0.597222 0.027344 0.046296
1 0.636719 0.578704 0.027344 0.050000
1 0.655273 0.488889 0.021484 0.040741
1 0.668457 0.425926 0.014648 0.033333
1 0.678223 0.397222 0.012695 0.027778
1 0.697754 0.400000 0.014648 0.029630
1 0.708008 0.358333 0.013672 0.027778
1 0.713867 0.447222 0.015625 0.031481
1 0.683105 0.511111 0.022461 0.040741
1 0.746582 0.404630 0.024414 0.031481
1 0.799316 0.390741 0.012695 0.022222
1 0.802734 0.414815 0.013672 0.025926
1 0.836426 0.532407 0.049805 0.038889
1 0.911133 0.556481 0.048828 0.038889
1 0.972168 0.575000 0.053711 0.046296
1 0.711914 0.705556 0.037109 0.062963
1 0.833008 0.719444 0.031250 0.068519
1 0.841797 0.639815 0.048828 0.046296
1 0.861816 0.869444 0.043945 0.094444
1 0.086914 0.677778 0.064453 0.066667
1 0.129395 0.646296 0.049805 0.044444
1 0.121094 0.477778 0.041016 0.033333
