1 0.148438 0.862963 0.062500 0.096296
1 0.343750 0.807407 0.058594 0.103704
1 0.414551 0.818519 0.055664 0.100000
1 0.507324 0.544444 0.030273 0.040741
1 0.505859 0.633333 0.037109 0.062963
1 0.568848 0.449074 0.022461 0.035185
1 0.586914 0.462037 0.019531 0.038889
1 0.607910 0.464815 0.024414 0.033333
1 0.618164 0.492593 0.023438 0.037037
1 0.616699 0.530556 0.022461 0.042593
1 0.609375 0.568519 0.023438 0.040741
1 0.628418 0.610185 0.026367 0.050000
1 0.590820 0.746296 0.039062 0.070370
1 0.648438 0.689815 0.029297 0.061111
1 0.644043 0.549074 0.024414 0.042593
1 0.656250 0.496296 0.017578 0.044444
1 0.669434 0.457407 0.016602 0.029630
1 0.697754 0.434259 0.014648 0.027778
1 0.684082 0.486111 0.018555 0.035185
1 0.696777 0.594444 0.022461 0.044444
1 0.825195 0.512037 0.042969 0.035185
1 0.748047 0.403704 0.021484 0.025926
1 0.894043 0.558333 0.045898 0.042593
1 0.827148 0.596296 0.042969 0.037037
1 0.814941 0.657407 0.028320 0.055556
1 0.833496 0.761111 0.036133 0.074074
1 0.546875 0.902778 0.044922 0.098148
1 0.664551 0.832407 0.034180 0.079630
1 0.891113 0.531481 0.040039 0.029630
1 0.946777 0.545370 0.045898 0.042593
1 0.615723 0.370370 0.014648 0.025926
1 0.640137 0.333333 0.010742 0.025926
1 0.660645 0.321296 0.010742 0.020370
1 0.312500 0.664815 0.046875 0.062963
1 0.181152 0.617593 0.053711 0.053704
1 0.084961 0.686111 0.046875 0.064815
1 0.150879 0.555556 0.041992 0.048148
1 0.179688 0.524074 0.031250 0.037037
1 0.188477 0.464815 0.033203 0.033333
1 0.271484 0.488889 0.035156 0.040741
1 0.070801 0.458333 0.036133 0.031481
1 0.018555 0.471296 0.035156 0.035185
1 0.801270 0.413889 0.012695 0.024074
1 0.798340 0.392593 0.012695 0.025926
