1 0.336914 0.802778 0.054688 0.101852
1 0.339844 0.947222 0.064453 0.105556
1 0.047363 0.685185 0.063477 0.066667
1 0.200684 0.754630 0.063477 0.087037
1 0.444336 0.600926 0.037109 0.061111
1 0.541504 0.441667 0.022461 0.046296
1 0.604004 0.389815 0.014648 0.035185
1 0.564453 0.469444 0.027344 0.035185
1 0.581055 0.498148 0.027344 0.040741
1 0.574219 0.534259 0.031250 0.046296
1 0.582031 0.587963 0.029297 0.046296
1 0.633301 0.529630 0.022461 0.044444
1 0.544434 0.690741 0.034180 0.059259
1 0.499512 0.837037 0.043945 0.092593
1 0.574219 0.719444 0.037109 0.072222
1 0.603516 0.640741 0.029297 0.062963
1 0.643555 0.625926 0.029297 0.055556
1 0.653320 0.434259 0.017578 0.035185
1 0.682617 0.442593 0.017578 0.033333
1 0.666992 0.391667 0.013672 0.031481
1 0.675293 0.365741 0.012695 0.027778
1 0.695312 0.359259 0.015625 0.029630
1 0.709473 0.388889 0.014648 0.029630
1 0.705566 0.322222 0.012695 0.025926
1 0.737305 0.401852 0.023438 0.033333
1 0.793945 0.412963 0.015625 0.025926
1 0.823242 0.536111 0.046875 0.042593
1 0.898438 0.562037 0.050781 0.046296
1 0.961426 0.584259 0.053711 0.050000
1 0.827637 0.650000 0.045898 0.048148
1 0.813477 0.731481 0.033203 0.066667
1 0.836914 0.890741 0.044922 0.107407
1 0.097168 0.479630 0.041992 0.040741
