1 0.396484 0.881481 0.060547 0.114815
1 0.425293 0.670370 0.043945 0.070370
1 0.520996 0.851852 0.043945 0.085185
1 0.567871 0.856481 0.041992 0.090741
1 0.600098 0.742593 0.036133 0.070370
1 0.689941 0.763889 0.036133 0.068519
1 0.520508 0.521296 0.027344 0.042593
1 0.646973 0.339815 0.012695 0.020370
1 0.618652 0.360185 0.014648 0.027778
1 0.583008 0.413889 0.017578 0.027778
1 0.594727 0.475000 0.027344 0.031481
1 0.608887 0.503704 0.024414 0.033333
1 0.647949 0.539815 0.024414 0.038889
1 0.608398 0.544444 0.021484 0.040741
1 0.604492 0.599074 0.025391 0.046296
1 0.630859 0.617593 0.027344 0.053704
1 0.670898 0.598148 0.025391 0.051852
1 0.705566 0.402778 0.012695 0.027778
1 0.674805 0.437037 0.013672 0.025926
1 0.662598 0.472222 0.018555 0.037037
1 0.692383 0.454630 0.019531 0.031481
1 0.709961 0.525926 0.019531 0.037037
1 0.835938 0.529630 0.044922 0.040741
1 0.840332 0.630556 0.043945 0.046296
1 0.828613 0.703704 0.032227 0.059259
1 0.906738 0.555556 0.047852 0.040741
1 0.967285 0.569444 0.049805 0.042593
1 0.749512 0.410185 0.022461 0.031481
1 0.804688 0.420370 0.015625 0.025926
1 0.801270 0.396296 0.012695 0.018519
1 0.122070 0.660185 0.058594 0.064815
1 0.267090 0.721296 0.053711 0.079630
1 0.145996 0.477778 0.038086 0.033333
1 0.029785 0.461111 0.040039 0.040741
