1 0.103516 0.751852 0.078125 0.092593
1 0.072754 0.442593 0.043945 0.037037
1 0.511719 0.673148 0.044922 0.061111
1 0.433594 0.421296 0.035156 0.031481
1 0.479492 0.441667 0.039062 0.035185
1 0.497070 0.479630 0.037109 0.044444
1 0.543945 0.514815 0.029297 0.044444
1 0.551270 0.593519 0.032227 0.053704
1 0.564941 0.450000 0.024414 0.037037
1 0.624512 0.368519 0.018555 0.029630
1 0.640625 0.491667 0.023438 0.046296
1 0.662598 0.449074 0.020508 0.038889
1 0.697754 0.369444 0.018555 0.031481
1 0.727539 0.361111 0.017578 0.029630
1 0.760254 0.410185 0.024414 0.035185
1 0.822754 0.427778 0.016602 0.029630
1 0.824219 0.401852 0.013672 0.025926
1 0.833984 0.568519 0.050781 0.048148
1 0.916992 0.605556 0.056641 0.048148
1 0.861328 0.664815 0.058594 0.048148
1 0.812988 0.700926 0.053711 0.050000
1 0.781250 0.800000 0.037109 0.085185
