1 0.619629 0.598148 0.049805 0.125926
1 0.674316 0.580556 0.053711 0.109259
1 0.792480 0.831481 0.075195 0.185185
1 0.878418 0.765741 0.067383 0.146296
1 0.947754 0.350000 0.081055 0.051852
1 0.698730 0.411111 0.043945 0.085185
1 0.589844 0.364815 0.033203 0.070370
1 0.447754 0.483333 0.043945 0.125926
1 0.224609 0.842593 0.089844 0.200000
1 0.366699 0.389815 0.045898 0.087037
2 0.331055 0.317593 0.068359 0.138889
0 0.433105 0.268519 0.053711 0.151852
1 0.467773 0.337037 0.033203 0.092593
1 0.489746 0.200000 0.026367 0.055556
1 0.587891 0.120370 0.019531 0.044444
1 0.613281 0.137963 0.015625 0.042593
2 0.625488 0.286111 0.036133 0.075926
1 0.526367 0.231481 0.027344 0.059259
1 0.522949 0.187037 0.020508 0.051852
1 0.651855 0.147222 0.020508 0.042593
1 0.644043 0.237037 0.028320 0.051852
1 0.688965 0.269444 0.030273 0.057407
1 0.349121 0.212037 0.043945 0.053704
1 0.461426 0.170370 0.024414 0.044444
1 0.470215 0.124074 0.018555 0.044444
1 0.437012 0.137963 0.024414 0.046296
1 0.410156 0.131481 0.025391 0.040741
1 0.428711 0.080556 0.021484 0.038889
1 0.452148 0.092593 0.019531 0.033333
1 0.479492 0.082407 0.021484 0.042593
1 0.498535 0.134259 0.020508 0.046296
1 0.507324 0.069444 0.016602 0.035185
1 0.461426 0.052778 0.018555 0.027778
