1 0.512695 0.800926 0.054688 0.153704
1 0.509277 0.630556 0.043945 0.116667
1 0.083496 0.265741 0.053711 0.035185
1 0.104980 0.309259 0.055664 0.044444
1 0.387207 0.315741 0.032227 0.061111
1 0.490723 0.419444 0.038086 0.064815
1 0.503418 0.525926 0.038086 0.081481
1 0.429688 0.238889 0.017578 0.040741
1 0.479980 0.242593 0.030273 0.040741
1 0.520996 0.168519 0.014648 0.025926
1 0.459473 0.204630 0.018555 0.027778
1 0.745117 0.274074 0.050781 0.037037
1 0.813477 0.263889 0.050781 0.038889
1 0.092285 0.356481 0.067383 0.042593
