0 0.602051 0.571296 0.028320 0.105556
0 0.266602 0.687037 0.119141 0.077778
1 0.078613 0.355556 0.026367 0.022222
1 0.118652 0.360185 0.030273 0.020370
1 0.192871 0.373148 0.026367 0.020370
1 0.299316 0.392593 0.028320 0.025926
1 0.518555 0.583333 0.019531 0.062963
1 0.528320 0.438889 0.015625 0.040741
1 0.573242 0.368519 0.011719 0.025926
1 0.531250 0.320370 0.009766 0.022222
1 0.577148 0.300926 0.013672 0.024074
1 0.594727 0.328704 0.011719 0.024074
1 0.576172 0.263889 0.011719 0.027778
1 0.592773 0.250926 0.009766 0.020370
1 0.610840 0.260185 0.008789 0.024074
