0 0.602051 0.614815 0.028320 0.114815
1 0.629883 0.780556 0.023438 0.068519
1 0.695312 0.903704 0.029297 0.081481
1 0.458496 0.634259 0.024414 0.057407
1 0.491699 0.663889 0.024414 0.064815
1 0.441406 0.514815 0.019531 0.048148
1 0.523926 0.536111 0.016602 0.050000
1 0.402832 0.337963 0.022461 0.027778
1 0.495605 0.348148 0.014648 0.033333
1 0.528809 0.432407 0.016602 0.035185
1 0.545898 0.338889 0.013672 0.029630
1 0.594238 0.300926 0.012695 0.024074
1 0.614746 0.271296 0.010742 0.024074
1 0.610352 0.317593 0.011719 0.027778
1 0.504883 0.257407 0.011719 0.022222
1 0.524902 0.282407 0.012695 0.027778
0 0.503906 0.222222 0.011719 0.040741
1 0.516113 0.205556 0.010742 0.022222
1 0.548340 0.204630 0.010742 0.020370
1 0.586426 0.202778 0.008789 0.016667
1 0.580566 0.230556 0.010742 0.024074
1 0.591309 0.247222 0.010742 0.024074
1 0.595215 0.208333 0.008789 0.020370
1 0.607422 0.212037 0.011719 0.020370
