2 0.174805 0.625000 0.126953 0.261111
3 0.105469 0.554630 0.042969 0.064815
0 0.293945 0.500926 0.121094 0.272222
0 0.313965 0.710185 0.139648 0.416667
1 0.617676 0.806481 0.059570 0.190741
1 0.671875 0.603704 0.058594 0.137037
1 0.449707 0.508333 0.045898 0.120370
1 0.406738 0.387037 0.043945 0.096296
1 0.373047 0.341667 0.041016 0.072222
1 0.217285 0.255556 0.061523 0.055556
1 0.438477 0.254630 0.029297 0.072222
1 0.466797 0.332407 0.033203 0.068519
1 0.631836 0.312963 0.031250 0.062963
1 0.691895 0.396296 0.045898 0.077778
1 0.941406 0.338889 0.078125 0.051852
1 0.521973 0.222222 0.028320 0.051852
1 0.582031 0.160185 0.019531 0.042593
1 0.643066 0.195370 0.020508 0.046296
1 0.597168 0.122222 0.020508 0.037037
1 0.584473 0.054630 0.016602 0.038889
1 0.560547 0.075000 0.017578 0.031481
1 0.609375 0.070370 0.017578 0.037037
1 0.616211 0.036111 0.015625 0.024074
1 0.394531 0.146296 0.027344 0.048148
1 0.417969 0.187963 0.025391 0.046296
1 0.452637 0.179630 0.024414 0.059259
1 0.486328 0.197222 0.027344 0.057407
1 0.520508 0.181481 0.023438 0.044444
1 0.434570 0.120370 0.021484 0.040741
1 0.432129 0.060185 0.018555 0.035185
1 0.456543 0.066667 0.020508 0.033333
1 0.471191 0.104630 0.020508 0.042593
1 0.499512 0.097222 0.018555 0.038889
1 0.483887 0.050926 0.016602 0.035185
1 0.500977 0.056481 0.017578 0.035185
1 0.445801 0.025000 0.016602 0.031481
1 0.468262 0.021296 0.016602 0.031481
1 0.508789 0.025000 0.015625 0.027778
