1 0.304199 0.475000 0.040039 0.042593
1 0.376953 0.424074 0.039062 0.037037
1 0.464355 0.469444 0.043945 0.035185
1 0.450684 0.523148 0.038086 0.035185
1 0.537598 0.421296 0.040039 0.031481
1 0.518555 0.279630 0.037109 0.037037
1 0.572754 0.189815 0.036133 0.035185
1 0.588379 0.235185 0.032227 0.029630
1 0.562500 0.317593 0.037109 0.035185
1 0.663574 0.188889 0.036133 0.037037
1 0.691895 0.229630 0.040039 0.037037
1 0.685059 0.280556 0.034180 0.035185
1 0.716797 0.319444 0.033203 0.035185
1 0.760254 0.273148 0.032227 0.035185
2 0.836914 0.225000 0.042969 0.035185
1 0.818359 0.315741 0.035156 0.031481
1 0.907715 0.225000 0.038086 0.035185
1 0.952637 0.270370 0.034180 0.029630
1 0.915039 0.723148 0.017578 0.072222
