1 0.320312 0.649074 0.072266 0.150000
1 0.424805 0.481481 0.035156 0.085185
1 0.517090 0.712037 0.043945 0.109259
1 0.507324 0.563889 0.034180 0.090741
1 0.497559 0.485185 0.038086 0.070370
1 0.471680 0.395370 0.042969 0.064815
1 0.603516 0.324074 0.046875 0.044444
1 0.821289 0.292593 0.050781 0.037037
1 0.478516 0.260185 0.027344 0.038889
1 0.511230 0.126852 0.012695 0.020370
1 0.467285 0.233333 0.018555 0.033333
1 0.459473 0.178704 0.010742 0.016667
1 0.465332 0.160185 0.012695 0.020370
1 0.436523 0.116667 0.013672 0.025926
1 0.116211 0.338889 0.054688 0.044444
1 0.041016 0.364815 0.060547 0.040741
1 0.751953 0.305556 0.048828 0.033333
