1 0.570801 0.162037 0.020508 0.072222
1 0.018066 0.547222 0.034180 0.035185
1 0.073242 0.501852 0.037109 0.033333
1 0.173340 0.496296 0.032227 0.033333
1 0.500488 0.507407 0.041992 0.033333
0 0.575684 0.345370 0.069336 0.050000
1 0.590332 0.425000 0.040039 0.035185
1 0.574219 0.462963 0.037109 0.033333
1 0.664551 0.482407 0.036133 0.035185
1 0.600098 0.714815 0.026367 0.074074
1 0.720703 0.410185 0.039062 0.035185
1 0.833984 0.450000 0.035156 0.033333
1 0.876465 0.401852 0.038086 0.029630
1 0.965820 0.908333 0.021484 0.072222
