1 0.520020 0.678704 0.024414 0.075926
1 0.549316 0.622222 0.026367 0.070370
1 0.595703 0.656481 0.027344 0.079630
1 0.582520 0.503704 0.020508 0.055556
1 0.473633 0.612963 0.027344 0.081481
1 0.435059 0.464815 0.020508 0.062963
1 0.521484 0.445370 0.021484 0.050000
1 0.546387 0.385185 0.020508 0.051852
2 0.666016 0.498148 0.060547 0.059259
1 0.676758 0.780556 0.062500 0.064815
1 0.719727 0.836111 0.064453 0.064815
1 0.779297 0.749074 0.050781 0.053704
1 0.670898 0.545370 0.060547 0.053704
1 0.635254 0.311111 0.032227 0.033333
1 0.629883 0.348148 0.037109 0.033333
1 0.637695 0.379630 0.042969 0.040741
1 0.445312 0.372222 0.015625 0.048148
1 0.498535 0.237963 0.016602 0.042593
1 0.522461 0.274074 0.017578 0.037037
1 0.524414 0.210185 0.013672 0.027778
1 0.561035 0.211111 0.012695 0.029630
1 0.537109 0.168519 0.011719 0.025926
1 0.466309 0.180556 0.012695 0.031481
1 0.468750 0.156481 0.011719 0.024074
1 0.489258 0.151852 0.011719 0.029630
1 0.508789 0.118519 0.013672 0.029630
1 0.553711 0.134259 0.009766 0.027778
1 0.616211 0.261111 0.029297 0.033333
1 0.506348 0.043519 0.010742 0.020370
