0 0.574707 0.390741 0.028320 0.051852
0 0.651855 0.433333 0.034180 0.059259
0 0.712402 0.361111 0.057617 0.029630
1 0.670410 0.459259 0.012695 0.025926
1 0.458008 0.916667 0.027344 0.081481
1 0.460449 0.742593 0.022461 0.062963
1 0.491699 0.723148 0.022461 0.061111
1 0.440918 0.648148 0.022461 0.044444
1 0.476074 0.648148 0.020508 0.048148
1 0.469238 0.569444 0.018555 0.038889
1 0.493164 0.451852 0.013672 0.037037
1 0.513672 0.510185 0.013672 0.035185
1 0.540039 0.512037 0.015625 0.038889
1 0.599609 0.391667 0.019531 0.020370
1 0.617188 0.379630 0.009766 0.022222
1 0.533203 0.326852 0.009766 0.020370
1 0.536133 0.283333 0.009766 0.018519
1 0.575684 0.307407 0.008789 0.018519
0 0.541992 0.221296 0.009766 0.027778
1 0.562500 0.252778 0.009766 0.016667
1 0.576660 0.262037 0.008789 0.020370
0 0.804688 0.425000 0.066406 0.046296
1 0.766602 0.462037 0.013672 0.027778
