0 0.643555 0.712037 0.033203 0.150000
0 0.855469 0.615741 0.121094 0.075926
1 0.647949 0.939815 0.028320 0.090741
1 0.711914 0.775926 0.029297 0.070370
1 0.695801 0.618519 0.024414 0.048148
1 0.693848 0.902778 0.028320 0.075926
1 0.733887 0.919444 0.032227 0.087037
1 0.461426 0.611111 0.022461 0.055556
1 0.501953 0.531481 0.019531 0.048148
1 0.551270 0.462963 0.016602 0.048148
1 0.577148 0.511111 0.017578 0.044444
1 0.612305 0.488889 0.015625 0.044444
1 0.620117 0.401852 0.015625 0.029630
1 0.641113 0.400926 0.012695 0.027778
1 0.666992 0.418519 0.013672 0.029630
1 0.077637 0.830556 0.047852 0.079630
1 0.151855 0.752778 0.043945 0.064815
1 0.191895 0.698148 0.026367 0.059259
1 0.220215 0.623148 0.040039 0.046296
1 0.285156 0.733333 0.050781 0.055556
1 0.306641 0.678704 0.041016 0.042593
2 0.321777 0.640741 0.065430 0.062963
2 0.310059 0.460185 0.040039 0.038889
1 0.604980 0.310185 0.010742 0.024074
1 0.621582 0.332407 0.010742 0.027778
1 0.662109 0.355556 0.013672 0.029630
1 0.554199 0.334259 0.014648 0.031481
0 0.548828 0.173148 0.013672 0.035185
0 0.532227 0.214815 0.015625 0.040741
1 0.549316 0.262963 0.012695 0.025926
0 0.628418 0.212037 0.014648 0.038889
1 0.658691 0.284259 0.010742 0.020370
