1 0.054688 0.753704 0.054688 0.040741
1 0.069336 0.698148 0.044922 0.059259
1 0.108887 0.545370 0.036133 0.046296
1 0.498535 0.649074 0.024414 0.072222
1 0.571777 0.669444 0.024414 0.068519
1 0.499512 0.454630 0.022461 0.053704
1 0.395020 0.140741 0.016602 0.040741
1 0.384277 0.037963 0.012695 0.031481
1 0.414062 0.057407 0.013672 0.040741
1 0.464355 0.046296 0.014648 0.029630
1 0.507812 0.233333 0.015625 0.044444
1 0.554199 0.290741 0.018555 0.048148
1 0.500000 0.350000 0.021484 0.044444
1 0.526855 0.361111 0.020508 0.044444
