1 0.196289 0.893519 0.103516 0.212963
1 0.391602 0.714815 0.066406 0.196296
0 0.377930 0.466667 0.093750 0.251852
0 0.346680 0.366667 0.082031 0.200000
2 0.246094 0.480556 0.099609 0.198148
3 0.110352 0.562037 0.048828 0.064815
1 0.750000 0.643519 0.072266 0.142593
1 0.920898 0.528704 0.082031 0.075926
1 0.164062 0.268519 0.068359 0.062963
1 0.659668 0.485185 0.043945 0.096296
1 0.470215 0.349074 0.034180 0.083333
1 0.670410 0.334259 0.036133 0.068519
1 0.335938 0.207407 0.046875 0.048148
1 0.400391 0.253704 0.027344 0.059259
1 0.434082 0.281481 0.032227 0.070370
1 0.455566 0.195370 0.024414 0.064815
1 0.482910 0.243519 0.026367 0.053704
1 0.587891 0.261111 0.025391 0.051852
1 0.612793 0.220370 0.028320 0.048148
1 0.565918 0.144444 0.022461 0.048148
1 0.592773 0.112963 0.019531 0.048148
1 0.626465 0.141667 0.020508 0.046296
1 0.523438 0.225926 0.029297 0.051852
1 0.519531 0.182407 0.021484 0.046296
1 0.410156 0.117593 0.023438 0.038889
1 0.432617 0.146296 0.023438 0.044444
1 0.463379 0.131481 0.022461 0.044444
1 0.496582 0.125926 0.022461 0.048148
1 0.448242 0.084259 0.019531 0.038889
1 0.478027 0.077778 0.018555 0.037037
1 0.504395 0.070370 0.016602 0.037037
1 0.601074 0.064815 0.016602 0.033333
1 0.943359 0.339815 0.078125 0.050000
