0 0.209961 0.752778 0.181641 0.438889
1 0.335449 0.478704 0.049805 0.101852
1 0.362305 0.604630 0.054688 0.135185
1 0.412598 0.845370 0.071289 0.212963
1 0.450684 0.502778 0.047852 0.109259
1 0.608398 0.576852 0.044922 0.127778
1 0.621582 0.883333 0.073242 0.233333
1 0.674805 0.583333 0.060547 0.129630
1 0.941406 0.337963 0.076172 0.053704
1 0.630371 0.362963 0.036133 0.077778
1 0.416992 0.356481 0.035156 0.087037
1 0.470703 0.313889 0.033203 0.075926
1 0.653320 0.249074 0.033203 0.057407
1 0.612305 0.196296 0.025391 0.048148
1 0.523438 0.224074 0.031250 0.055556
1 0.437500 0.250926 0.033203 0.061111
1 0.399902 0.250926 0.030273 0.064815
1 0.362305 0.188889 0.041016 0.048148
1 0.421875 0.176852 0.025391 0.053704
1 0.037109 0.282407 0.072266 0.053704
1 0.590820 0.057407 0.017578 0.029630
1 0.578613 0.089815 0.018555 0.035185
1 0.622559 0.109259 0.016602 0.037037
1 0.519531 0.183333 0.023438 0.040741
1 0.493652 0.144444 0.020508 0.037037
1 0.461914 0.141667 0.023438 0.046296
1 0.420410 0.094444 0.020508 0.037037
1 0.447266 0.096296 0.019531 0.037037
1 0.434082 0.052778 0.020508 0.038889
1 0.476562 0.087037 0.017578 0.037037
1 0.498535 0.087963 0.018555 0.038889
1 0.467773 0.036111 0.017578 0.035185
1 0.485840 0.033333 0.018555 0.033333
1 0.506348 0.042593 0.018555 0.037037
1 0.557129 0.028704 0.014648 0.031481
