1 0.333008 0.491667 0.048828 0.098148
1 0.377441 0.600000 0.053711 0.129630
1 0.601074 0.525926 0.041992 0.114815
1 0.461914 0.360185 0.035156 0.094444
1 0.639160 0.850926 0.061523 0.198148
1 0.723145 0.904630 0.075195 0.190741
2 0.651367 0.432407 0.042969 0.109259
1 0.679688 0.384259 0.037109 0.072222
1 0.730469 0.398148 0.042969 0.077778
1 0.753418 0.661111 0.063477 0.144444
1 0.394043 0.297222 0.034180 0.068519
1 0.526855 0.235185 0.032227 0.066667
1 0.600098 0.201852 0.024414 0.048148
1 0.632324 0.240741 0.026367 0.059259
1 0.681152 0.248148 0.032227 0.055556
1 0.478516 0.259259 0.031250 0.070370
0 0.447266 0.217593 0.048828 0.131481
1 0.495605 0.162037 0.024414 0.042593
1 0.523438 0.171296 0.023438 0.046296
1 0.500977 0.108333 0.021484 0.042593
1 0.465332 0.144444 0.022461 0.044444
1 0.474609 0.103704 0.019531 0.040741
1 0.445801 0.113889 0.020508 0.035185
1 0.375000 0.188889 0.035156 0.048148
2 0.354492 0.276852 0.050781 0.112963
1 0.943848 0.354630 0.081055 0.053704
