1 0.606934 0.513889 0.043945 0.109259
1 0.435059 0.548148 0.047852 0.129630
1 0.340820 0.615741 0.058594 0.142593
1 0.306152 0.533333 0.059570 0.114815
1 0.416504 0.384259 0.038086 0.090741
1 0.189941 0.257407 0.063477 0.051852
1 0.317383 0.218519 0.052734 0.062963
1 0.406250 0.235185 0.031250 0.055556
1 0.438965 0.238889 0.032227 0.066667
1 0.478516 0.249074 0.029297 0.064815
1 0.526855 0.227778 0.030273 0.055556
1 0.588379 0.284259 0.028320 0.057407
1 0.441406 0.103704 0.023438 0.048148
1 0.471191 0.130556 0.022461 0.050000
1 0.497070 0.116667 0.021484 0.048148
1 0.521484 0.180556 0.023438 0.046296
1 0.573730 0.145370 0.024414 0.046296
1 0.561523 0.080556 0.017578 0.035185
1 0.485352 0.056481 0.019531 0.038889
1 0.463379 0.034259 0.018555 0.035185
1 0.444336 0.027778 0.017578 0.029630
1 0.946777 0.342593 0.079102 0.051852
