1 0.133789 0.343519 0.054688 0.042593
1 0.045898 0.342593 0.062500 0.044444
1 0.425293 0.397222 0.049805 0.053704
1 0.317871 0.336111 0.053711 0.042593
1 0.496582 0.455556 0.036133 0.070370
1 0.527832 0.568519 0.036133 0.081481
1 0.536621 0.726852 0.045898 0.120370
1 0.523438 0.298148 0.037109 0.044444
1 0.579590 0.322222 0.045898 0.044444
1 0.836914 0.310185 0.052734 0.042593
1 0.766113 0.320370 0.049805 0.040741
1 0.420410 0.189815 0.014648 0.031481
1 0.478516 0.250000 0.021484 0.040741
1 0.475586 0.214815 0.017578 0.033333
1 0.476562 0.187037 0.017578 0.029630
1 0.444824 0.151852 0.016602 0.025926
1 0.121582 0.394444 0.061523 0.040741
1 0.060547 0.372222 0.058594 0.033333
1 0.039062 0.390741 0.058594 0.040741
