0 0.601074 0.321296 0.036133 0.046296
0 0.711426 0.297222 0.047852 0.024074
0 0.632324 0.384259 0.018555 0.057407
1 0.612793 0.398148 0.012695 0.022222
1 0.505859 0.421296 0.015625 0.027778
1 0.571289 0.261111 0.007812 0.014815
1 0.594727 0.249074 0.009766 0.016667
1 0.582031 0.262963 0.007812 0.018519
1 0.625488 0.263889 0.006836 0.016667
0 0.592285 0.284259 0.018555 0.035185
1 0.447754 0.646296 0.022461 0.048148
1 0.465332 0.589815 0.020508 0.046296
1 0.468750 0.650926 0.017578 0.042593
1 0.481934 0.693519 0.026367 0.053704
1 0.289062 0.894444 0.037109 0.074074
1 0.325195 0.899074 0.033203 0.090741
1 0.351562 0.913889 0.035156 0.079630
1 0.383789 0.917593 0.029297 0.079630
1 0.364258 0.793519 0.029297 0.068519
1 0.380371 0.828704 0.034180 0.083333
1 0.411133 0.836111 0.031250 0.072222
1 0.403809 0.767593 0.028320 0.061111
1 0.394043 0.712037 0.026367 0.050000
1 0.427734 0.706481 0.025391 0.050000
1 0.436523 0.756481 0.025391 0.061111
1 0.453125 0.702778 0.023438 0.053704
1 0.916016 0.919444 0.066406 0.057407
