0 0.172852 0.944444 0.132812 0.111111
0 0.845703 0.538889 0.105469 0.062963
0 0.649902 0.253704 0.018555 0.051852
1 0.666992 0.324074 0.011719 0.029630
0 0.540039 0.200000 0.015625 0.040741
1 0.543945 0.300926 0.011719 0.024074
1 0.538574 0.337037 0.014648 0.029630
1 0.580566 0.269444 0.010742 0.027778
1 0.594727 0.310185 0.013672 0.027778
1 0.685059 0.415741 0.016602 0.031481
1 0.637207 0.445370 0.014648 0.038889
1 0.615723 0.468519 0.012695 0.033333
1 0.672852 0.578704 0.019531 0.050000
1 0.639648 0.646296 0.017578 0.048148
1 0.704102 0.615741 0.021484 0.053704
1 0.743652 0.814815 0.034180 0.081481
1 0.815918 0.888889 0.034180 0.081481
1 0.635742 0.869444 0.029297 0.094444
1 0.080078 0.798148 0.058594 0.048148
1 0.166992 0.707407 0.042969 0.059259
1 0.226074 0.650926 0.040039 0.050000
1 0.256836 0.608333 0.025391 0.050000
1 0.277344 0.545370 0.037109 0.038889
2 0.369141 0.559259 0.052734 0.055556
1 0.326172 0.664815 0.044922 0.033333
2 0.346680 0.414815 0.035156 0.037037
