0 0.443359 0.745370 0.042969 0.157407
0 0.624023 0.650000 0.029297 0.111111
1 0.225098 0.894444 0.055664 0.059259
1 0.291504 0.913889 0.055664 0.061111
1 0.669434 0.629630 0.020508 0.051852
1 0.626953 0.523148 0.015625 0.031481
1 0.561523 0.452778 0.015625 0.038889
1 0.464355 0.637963 0.022461 0.057407
1 0.545898 0.408333 0.011719 0.038889
1 0.520020 0.347222 0.012695 0.031481
1 0.635254 0.303704 0.010742 0.025926
1 0.547363 0.346296 0.012695 0.029630
1 0.538574 0.250926 0.018555 0.020370
1 0.543457 0.213889 0.008789 0.020370
1 0.620605 0.279630 0.008789 0.025926
1 0.604980 0.275000 0.012695 0.024074
1 0.627930 0.256481 0.007812 0.020370
1 0.589355 0.212037 0.008789 0.024074
1 0.597168 0.230556 0.008789 0.020370
1 0.726562 0.423148 0.027344 0.027778
1 0.731934 0.453704 0.024414 0.025926
1 0.759277 0.425926 0.026367 0.025926
