1 0.345703 0.946296 0.039062 0.092593
1 0.395508 0.901852 0.033203 0.077778
1 0.375000 0.858333 0.031250 0.068519
1 0.432129 0.888889 0.032227 0.077778
1 0.422363 0.825000 0.030273 0.064815
1 0.450195 0.825000 0.027344 0.072222
1 0.470703 0.753704 0.021484 0.055556
1 0.446289 0.746296 0.027344 0.059259
1 0.464844 0.672222 0.025391 0.051852
1 0.455078 0.616667 0.023438 0.051852
0 0.648438 0.363889 0.054688 0.042593
0 0.646973 0.399074 0.018555 0.057407
0 0.724609 0.324074 0.050781 0.029630
1 0.543945 0.370370 0.011719 0.022222
1 0.558105 0.375926 0.012695 0.025926
1 0.597656 0.342593 0.011719 0.018519
1 0.629883 0.393519 0.009766 0.020370
1 0.555664 0.335185 0.011719 0.022222
1 0.581543 0.318519 0.010742 0.022222
1 0.556641 0.289815 0.009766 0.020370
1 0.569336 0.282407 0.009766 0.020370
1 0.578125 0.296296 0.009766 0.022222
