0 0.594238 0.555556 0.030273 0.096296
0 0.324219 0.515741 0.091797 0.057407
1 0.692871 0.957407 0.034180 0.085185
2 0.771973 0.413889 0.020508 0.042593
1 0.526855 0.337963 0.012695 0.031481
1 0.567871 0.390741 0.010742 0.025926
1 0.570312 0.307407 0.009766 0.022222
1 0.592773 0.331481 0.011719 0.022222
1 0.530273 0.278704 0.011719 0.024074
1 0.497070 0.184259 0.007812 0.016667
1 0.533691 0.215741 0.008789 0.020370
1 0.571777 0.262963 0.010742 0.025926
1 0.580078 0.212037 0.007812 0.016667
1 0.588867 0.265741 0.009766 0.024074
1 0.606445 0.260185 0.011719 0.020370
1 0.203613 0.952778 0.071289 0.068519
1 0.174316 0.292593 0.022461 0.018519
1 0.238281 0.304630 0.023438 0.020370
1 0.332031 0.318519 0.025391 0.022222
1 0.904297 0.571296 0.025391 0.046296
1 0.971191 0.787963 0.043945 0.057407
