0 0.413574 0.739815 0.051758 0.194444
0 0.619629 0.467593 0.022461 0.083333
1 0.162109 0.463889 0.041016 0.031481
1 0.112793 0.628704 0.045898 0.038889
1 0.218262 0.624074 0.045898 0.044444
1 0.232910 0.582407 0.047852 0.046296
1 0.631348 0.876852 0.024414 0.083333
1 0.755371 0.926852 0.038086 0.083333
1 0.705078 0.708333 0.027344 0.061111
1 0.722168 0.664815 0.024414 0.051852
1 0.532715 0.331481 0.012695 0.029630
1 0.527344 0.408333 0.013672 0.038889
1 0.595703 0.359259 0.013672 0.037037
1 0.597168 0.497222 0.014648 0.035185
1 0.616699 0.551852 0.018555 0.044444
1 0.644043 0.501852 0.016602 0.037037
1 0.682129 0.477778 0.014648 0.033333
1 0.675293 0.562963 0.022461 0.044444
1 0.746094 0.451852 0.031250 0.025926
1 0.901855 0.896296 0.061523 0.051852
1 0.615234 0.267593 0.009766 0.024074
0 0.656738 0.325926 0.018555 0.040741
1 0.590332 0.223148 0.008789 0.020370
