0 0.606445 0.486111 0.027344 0.087037
1 0.490723 0.849074 0.030273 0.094444
1 0.604004 0.693519 0.020508 0.057407
1 0.674805 0.623148 0.023438 0.046296
0 0.687500 0.480556 0.027344 0.061111
1 0.844727 0.751852 0.046875 0.048148
1 0.746582 0.807407 0.026367 0.070370
1 0.737793 0.886111 0.036133 0.083333
1 0.807617 0.894444 0.066406 0.070370
1 0.890625 0.735185 0.048828 0.040741
1 0.919922 0.625926 0.031250 0.048148
1 0.740723 0.438889 0.028320 0.025926
1 0.583984 0.506481 0.017578 0.042593
1 0.581543 0.431481 0.014648 0.037037
1 0.585938 0.330556 0.013672 0.035185
1 0.606445 0.264815 0.009766 0.025926
