0 0.606445 0.331481 0.042969 0.048148
0 0.634277 0.385185 0.018555 0.055556
0 0.712891 0.303704 0.048828 0.025926
1 0.278320 0.925926 0.037109 0.081481
1 0.447266 0.829630 0.031250 0.074074
1 0.406738 0.861111 0.032227 0.070370
1 0.375977 0.951852 0.031250 0.081481
1 0.343262 0.947222 0.036133 0.079630
1 0.314941 0.931481 0.040039 0.088889
1 0.355957 0.824074 0.030273 0.070370
1 0.374023 0.855556 0.035156 0.088889
1 0.381348 0.752778 0.028320 0.053704
1 0.398926 0.787963 0.026367 0.061111
1 0.430664 0.781481 0.025391 0.066667
1 0.423340 0.725000 0.026367 0.057407
1 0.448730 0.725000 0.024414 0.053704
1 0.444336 0.668519 0.025391 0.055556
1 0.466309 0.675000 0.020508 0.046296
1 0.462402 0.606481 0.020508 0.046296
1 0.489258 0.471296 0.015625 0.035185
1 0.616211 0.388889 0.011719 0.018519
1 0.561035 0.290741 0.010742 0.018519
1 0.573730 0.290741 0.008789 0.022222
1 0.573242 0.263889 0.009766 0.016667
1 0.589844 0.271296 0.007812 0.016667
1 0.582031 0.237963 0.007812 0.012963
1 0.628906 0.251852 0.007812 0.014815
0 0.589355 0.295370 0.012695 0.031481
