0 0.608398 0.629630 0.031250 0.103704
1 0.630859 0.627778 0.019531 0.044444
1 0.495117 0.675000 0.023438 0.072222
1 0.675293 0.736111 0.022461 0.050000
1 0.377930 0.887963 0.033203 0.090741
1 0.420410 0.857407 0.034180 0.092593
1 0.539551 0.941667 0.030273 0.098148
1 0.348145 0.503704 0.032227 0.037037
1 0.472168 0.487037 0.018555 0.040741
1 0.551270 0.391667 0.014648 0.035185
1 0.613281 0.303704 0.009766 0.022222
1 0.600098 0.287037 0.010742 0.022222
1 0.617188 0.238889 0.009766 0.018519
1 0.582031 0.217593 0.007812 0.020370
1 0.557129 0.243519 0.010742 0.020370
1 0.594727 0.208333 0.009766 0.016667
1 0.594238 0.231481 0.008789 0.018519
1 0.604980 0.209259 0.008789 0.018519
1 0.548828 0.187963 0.007812 0.016667
1 0.546387 0.219444 0.010742 0.020370
1 0.678711 0.299074 0.019531 0.016667
1 0.623535 0.286111 0.010742 0.024074
1 0.529785 0.184259 0.008789 0.016667
