0 0.748047 0.837963 0.066406 0.198148
0 0.931641 0.884259 0.136719 0.094444
0 0.939941 0.949074 0.120117 0.101852
1 0.597656 0.643519 0.021484 0.057407
1 0.622070 0.598148 0.019531 0.051852
0 0.605957 0.433333 0.022461 0.074074
0 0.493652 0.262963 0.016602 0.051852
0 0.510254 0.275000 0.016602 0.050000
1 0.583984 0.447222 0.015625 0.053704
1 0.643555 0.431481 0.017578 0.033333
1 0.619141 0.510185 0.019531 0.038889
1 0.655762 0.512037 0.016602 0.042593
1 0.667969 0.587963 0.021484 0.050000
1 0.658203 0.638889 0.021484 0.051852
2 0.165039 0.706481 0.054688 0.064815
1 0.278809 0.700000 0.047852 0.040741
1 0.262695 0.755556 0.048828 0.051852
1 0.287109 0.671296 0.056641 0.046296
1 0.261230 0.617593 0.047852 0.046296
1 0.305176 0.499074 0.022461 0.042593
1 0.302734 0.589815 0.039062 0.031481
1 0.345215 0.482407 0.040039 0.035185
1 0.630859 0.292593 0.009766 0.022222
1 0.616211 0.271296 0.011719 0.020370
1 0.576172 0.254630 0.009766 0.020370
1 0.599121 0.249074 0.008789 0.016667
1 0.723145 0.484259 0.032227 0.031481
