1 0.488281 0.514815 0.023438 0.081481
1 0.557129 0.516667 0.024414 0.059259
1 0.469238 0.370370 0.018555 0.051852
1 0.531250 0.368519 0.021484 0.051852
1 0.596191 0.354630 0.018555 0.046296
1 0.554199 0.351852 0.016602 0.044444
1 0.573242 0.325926 0.017578 0.048148
1 0.539062 0.279630 0.015625 0.040741
1 0.549316 0.236111 0.016602 0.031481
1 0.535156 0.169444 0.013672 0.027778
1 0.532715 0.131481 0.012695 0.025926
1 0.538574 0.109259 0.010742 0.022222
1 0.502441 0.077778 0.010742 0.025926
1 0.566406 0.129630 0.013672 0.025926
1 0.759277 0.742593 0.053711 0.055556
1 0.703125 0.532407 0.042969 0.042593
