1 0.408203 0.826852 0.027344 0.072222
1 0.450684 0.781481 0.026367 0.062963
1 0.437012 0.866667 0.028320 0.081481
1 0.466797 0.877778 0.025391 0.070370
1 0.469238 0.469444 0.014648 0.031481
1 0.487793 0.503704 0.018555 0.033333
1 0.507812 0.505556 0.017578 0.037037
1 0.502930 0.443519 0.015625 0.031481
1 0.498535 0.392593 0.012695 0.029630
0 0.559570 0.345370 0.013672 0.042593
0 0.628906 0.409259 0.025391 0.062963
1 0.512695 0.343519 0.011719 0.024074
1 0.528320 0.371296 0.011719 0.024074
1 0.541504 0.385185 0.012695 0.029630
1 0.578613 0.365741 0.018555 0.024074
1 0.607910 0.396296 0.010742 0.025926
1 0.652344 0.423148 0.011719 0.024074
0 0.708496 0.388889 0.055664 0.040741
0 0.697266 0.335185 0.052734 0.029630
1 0.544434 0.262037 0.008789 0.020370
1 0.575684 0.251852 0.008789 0.018519
1 0.407227 0.344444 0.019531 0.018519
