1 0.130371 0.769444 0.045898 0.061111
1 0.230957 0.654630 0.024414 0.057407
1 0.252930 0.584259 0.039062 0.038889
2 0.351562 0.598148 0.058594 0.066667
2 0.331543 0.438889 0.038086 0.037037
0 0.667969 0.857407 0.041016 0.185185
0 0.854492 0.577778 0.113281 0.070370
0 0.639160 0.233333 0.016602 0.040741
1 0.751465 0.930556 0.036133 0.090741
1 0.810059 0.688889 0.028320 0.059259
1 0.723145 0.712037 0.026367 0.064815
1 0.626465 0.630556 0.020508 0.061111
1 0.511719 0.441667 0.019531 0.042593
1 0.531250 0.388889 0.013672 0.037037
1 0.569824 0.349074 0.014648 0.035185
1 0.590332 0.392593 0.014648 0.037037
1 0.610352 0.375000 0.011719 0.027778
1 0.630371 0.383333 0.012695 0.033333
1 0.674805 0.387037 0.013672 0.029630
1 0.632324 0.504630 0.016602 0.035185
1 0.684082 0.495370 0.018555 0.035185
1 0.657715 0.475926 0.014648 0.033333
1 0.301270 0.720370 0.045898 0.040741
0 0.537109 0.208333 0.013672 0.038889
1 0.665039 0.305556 0.011719 0.018519
1 0.566895 0.268519 0.010742 0.025926
