0 0.608887 0.600926 0.034180 0.101852
1 0.647461 0.942593 0.029297 0.085185
1 0.504883 0.556481 0.017578 0.046296
1 0.525391 0.583333 0.017578 0.051852
1 0.550293 0.590741 0.016602 0.051852
1 0.479004 0.348148 0.010742 0.029630
1 0.513672 0.379630 0.013672 0.033333
1 0.596191 0.330556 0.010742 0.024074
1 0.516113 0.308333 0.010742 0.031481
1 0.529785 0.284259 0.012695 0.024074
1 0.599121 0.308333 0.010742 0.020370
1 0.541504 0.265741 0.008789 0.020370
1 0.582520 0.249074 0.008789 0.024074
1 0.594238 0.271296 0.008789 0.016667
1 0.616699 0.261111 0.010742 0.022222
1 0.541016 0.235185 0.011719 0.022222
1 0.060059 0.886111 0.057617 0.053704
1 0.520508 0.195370 0.009766 0.016667
