0 0.298828 0.389815 0.074219 0.161111
1 0.311523 0.556481 0.064453 0.127778
1 0.401367 0.749074 0.060547 0.175926
1 0.440430 0.457407 0.044922 0.122222
0 0.412598 0.342593 0.065430 0.188889
0 0.378418 0.280556 0.063477 0.157407
1 0.600586 0.397222 0.033203 0.083333
1 0.634766 0.362037 0.037109 0.068519
1 0.717773 0.532407 0.048828 0.109259
1 0.704590 0.780556 0.067383 0.172222
1 0.576660 0.241667 0.026367 0.061111
2 0.606445 0.188889 0.023438 0.062963
1 0.654785 0.251852 0.030273 0.055556
1 0.525391 0.228704 0.029297 0.057407
1 0.480469 0.263889 0.029297 0.068519
1 0.945312 0.347222 0.078125 0.053704
1 0.289551 0.237963 0.057617 0.053704
1 0.449707 0.217593 0.026367 0.057407
1 0.391113 0.161111 0.032227 0.048148
1 0.422363 0.187037 0.024414 0.048148
1 0.463379 0.156481 0.022461 0.057407
1 0.490723 0.177778 0.022461 0.048148
1 0.615234 0.135185 0.021484 0.037037
1 0.655273 0.162963 0.023438 0.048148
1 0.418945 0.097222 0.021484 0.038889
1 0.443359 0.115741 0.021484 0.042593
1 0.473145 0.101852 0.020508 0.044444
1 0.502930 0.090741 0.019531 0.040741
1 0.454102 0.063889 0.017578 0.038889
1 0.481934 0.063889 0.016602 0.038889
1 0.506348 0.057407 0.018555 0.029630
1 0.509277 0.030556 0.016602 0.027778
1 0.521973 0.188889 0.024414 0.044444
1 0.862305 0.609259 0.052734 0.114815
