1 0.089355 0.874074 0.065430 0.062963
1 0.525391 0.487037 0.017578 0.055556
1 0.512695 0.644444 0.021484 0.066667
0 0.616211 0.473148 0.027344 0.083333
1 0.591309 0.463889 0.016602 0.038889
1 0.604004 0.532407 0.018555 0.042593
1 0.596191 0.345370 0.014648 0.035185
0 0.673340 0.389815 0.020508 0.050000
1 0.623047 0.775000 0.023438 0.057407
1 0.680664 0.597222 0.019531 0.050000
1 0.711914 0.600926 0.017578 0.046296
1 0.770020 0.652778 0.051758 0.050000
1 0.725586 0.711111 0.027344 0.062963
1 0.720215 0.792593 0.036133 0.070370
1 0.639160 0.482407 0.018555 0.035185
1 0.786133 0.562963 0.037109 0.033333
1 0.825684 0.557407 0.030273 0.025926
1 0.859375 0.548148 0.027344 0.033333
1 0.116211 0.806481 0.068359 0.061111
1 0.058105 0.599074 0.049805 0.038889
1 0.586426 0.221296 0.008789 0.016667
1 0.613770 0.265741 0.008789 0.020370
