1 0.179199 0.587037 0.051758 0.051852
1 0.370117 0.191667 0.021484 0.101852
1 0.398438 0.156481 0.021484 0.083333
1 0.430176 0.143519 0.024414 0.087037
1 0.337891 0.381481 0.019531 0.088889
1 0.368652 0.450000 0.022461 0.096296
1 0.422363 0.368519 0.020508 0.092593
1 0.459473 0.875926 0.024414 0.100000
1 0.489746 0.857407 0.022461 0.088889
1 0.520996 0.912037 0.020508 0.087037
1 0.549805 0.877778 0.025391 0.096296
1 0.732422 0.791667 0.046875 0.064815
1 0.733398 0.654630 0.044922 0.053704
1 0.756836 0.179630 0.042969 0.066667
1 0.852539 0.053704 0.037109 0.077778
1 0.898926 0.559259 0.045898 0.051852
1 0.934082 0.546296 0.038086 0.055556
1 0.968262 0.522222 0.041992 0.048148
1 0.979004 0.613889 0.028320 0.087037
1 0.919434 0.652778 0.040039 0.083333
1 0.892578 0.669444 0.035156 0.079630
1 0.854004 0.695370 0.043945 0.079630
1 0.810547 0.720370 0.031250 0.081481
1 0.898926 0.818519 0.043945 0.051852
1 0.908203 0.875926 0.044922 0.051852
1 0.732910 0.870370 0.043945 0.048148
