1 0.474609 0.834259 0.046875 0.142593
1 0.551270 0.741667 0.075195 0.112963
1 0.607422 0.651852 0.037109 0.096296
1 0.405273 0.496296 0.033203 0.081481
1 0.576172 0.459259 0.031250 0.066667
1 0.628418 0.318519 0.026367 0.044444
1 0.467773 0.196296 0.015625 0.037037
1 0.573242 0.239815 0.017578 0.038889
1 0.539551 0.239815 0.018555 0.038889
1 0.563965 0.180556 0.016602 0.035185
0 0.464844 0.050000 0.019531 0.044444
1 0.488770 0.080556 0.012695 0.024074
1 0.526855 0.059259 0.008789 0.022222
1 0.510254 0.035185 0.010742 0.018519
1 0.490723 0.013889 0.008789 0.020370
1 0.544434 0.070370 0.010742 0.022222
1 0.558594 0.089815 0.011719 0.027778
1 0.540527 0.099074 0.012695 0.024074
1 0.963379 0.563889 0.073242 0.072222
1 0.874512 0.315741 0.028320 0.046296
1 0.905762 0.314815 0.034180 0.051852
1 0.782715 0.307407 0.049805 0.040741
