0 0.640137 0.697222 0.077148 0.257407
1 0.088867 0.651852 0.070312 0.059259
1 0.401855 0.420370 0.022461 0.051852
1 0.525391 0.516667 0.021484 0.051852
1 0.306152 0.682407 0.061523 0.057407
1 0.531250 0.746296 0.031250 0.096296
1 0.594727 0.885185 0.044922 0.125926
1 0.933105 0.667593 0.075195 0.068519
1 0.783203 0.334259 0.017578 0.031481
1 0.842773 0.497222 0.052734 0.053704
1 0.945312 0.473148 0.048828 0.050000
1 0.827637 0.471296 0.051758 0.046296
1 0.488281 0.179630 0.009766 0.022222
1 0.561523 0.525926 0.023438 0.062963
