1 0.068359 0.562037 0.072266 0.061111
1 0.583984 0.781481 0.042969 0.129630
1 0.674316 0.630556 0.053711 0.098148
1 0.887695 0.503704 0.068359 0.062963
1 0.962402 0.606481 0.075195 0.083333
1 0.867676 0.412963 0.059570 0.051852
1 0.951660 0.390741 0.055664 0.044444
1 0.853516 0.384259 0.054688 0.050000
1 0.391113 0.347222 0.024414 0.053704
1 0.469238 0.403704 0.030273 0.062963
1 0.526855 0.371296 0.022461 0.050000
1 0.566895 0.384259 0.024414 0.053704
1 0.558594 0.258333 0.019531 0.042593
1 0.596680 0.292593 0.021484 0.044444
1 0.464844 0.147222 0.015625 0.035185
1 0.487305 0.043519 0.011719 0.024074
1 0.530273 0.037037 0.009766 0.018519
1 0.542480 0.017593 0.010742 0.016667
1 0.556641 0.016667 0.009766 0.022222
1 0.534668 0.106481 0.014648 0.027778
1 0.511719 0.137963 0.013672 0.031481
1 0.531250 0.156481 0.015625 0.031481
1 0.554688 0.135185 0.013672 0.029630
0 0.601562 0.191667 0.027344 0.083333
