0 0.620605 0.511111 0.061523 0.196296
1 0.369141 0.454630 0.031250 0.075926
1 0.659180 0.810185 0.048828 0.138889
1 0.085938 0.561111 0.070312 0.051852
1 0.201172 0.585185 0.062500 0.059259
1 0.523438 0.512963 0.029297 0.066667
1 0.529297 0.722222 0.039062 0.111111
1 0.573730 0.634259 0.036133 0.090741
1 0.522461 0.325000 0.017578 0.038889
1 0.556152 0.314815 0.022461 0.044444
1 0.931641 0.388889 0.052734 0.044444
1 0.928223 0.586111 0.075195 0.068519
1 0.844238 0.411111 0.053711 0.051852
1 0.829590 0.384259 0.051758 0.042593
1 0.787598 0.238889 0.020508 0.033333
1 0.812988 0.237963 0.022461 0.038889
1 0.566406 0.162037 0.011719 0.027778
1 0.485352 0.115741 0.013672 0.024074
