0 0.590332 0.283333 0.038086 0.122222
1 0.463867 0.847222 0.044922 0.138889
1 0.644043 0.636111 0.040039 0.101852
1 0.833984 0.352778 0.054688 0.053704
1 0.909668 0.514815 0.073242 0.066667
1 0.960449 0.631481 0.079102 0.085185
1 0.912598 0.336111 0.051758 0.046296
1 0.822266 0.329630 0.050781 0.044444
1 0.102539 0.489815 0.068359 0.057407
1 0.042969 0.562963 0.072266 0.081481
1 0.570312 0.531481 0.033203 0.077778
1 0.619141 0.463889 0.029297 0.072222
1 0.474609 0.171296 0.015625 0.035185
1 0.524902 0.244444 0.018555 0.040741
1 0.551758 0.315741 0.021484 0.050000
1 0.521484 0.362037 0.023438 0.057407
1 0.785156 0.189815 0.017578 0.031481
1 0.455566 0.068519 0.010742 0.022222
1 0.526367 0.130556 0.011719 0.024074
1 0.558594 0.058333 0.009766 0.024074
1 0.546387 0.109259 0.012695 0.025926
