1 0.187500 0.521296 0.050781 0.046296
1 0.400879 0.230556 0.020508 0.083333
1 0.475586 0.223148 0.039062 0.075926
1 0.372070 0.327778 0.019531 0.100000
1 0.423828 0.521296 0.021484 0.094444
1 0.341797 0.553704 0.021484 0.088889
1 0.371094 0.613889 0.021484 0.090741
1 0.461426 0.805556 0.024414 0.096296
1 0.491699 0.787037 0.020508 0.085185
1 0.492188 0.904630 0.021484 0.090741
1 0.522949 0.841667 0.018555 0.090741
1 0.549805 0.807407 0.021484 0.088889
1 0.553223 0.937963 0.022461 0.101852
1 0.729980 0.590741 0.041992 0.051852
1 0.730469 0.725000 0.046875 0.061111
1 0.730469 0.804630 0.042969 0.042593
1 0.734375 0.856481 0.044922 0.050000
1 0.808105 0.654630 0.030273 0.083333
1 0.849121 0.630556 0.041992 0.075926
1 0.850586 0.869444 0.039062 0.050000
1 0.858887 0.912037 0.043945 0.050000
1 0.902344 0.807407 0.041016 0.051852
1 0.888184 0.607407 0.038086 0.074074
1 0.914551 0.590741 0.040039 0.077778
1 0.927734 0.484259 0.039062 0.050000
1 0.971191 0.550000 0.030273 0.085185
1 0.746094 0.121296 0.041016 0.057407
