1 0.161133 0.633333 0.054688 0.051852
1 0.333008 0.055556 0.021484 0.092593
1 0.363770 0.086111 0.020508 0.098148
1 0.419922 0.070370 0.021484 0.100000
1 0.574707 0.178704 0.040039 0.079630
1 0.762695 0.175926 0.041016 0.081481
1 0.870605 0.068519 0.038086 0.081481
1 0.458008 0.939815 0.025391 0.109259
1 0.490723 0.918519 0.022461 0.096296
1 0.552734 0.941667 0.021484 0.101852
1 0.747559 0.700926 0.045898 0.057407
1 0.747070 0.850000 0.048828 0.066667
1 0.748047 0.935185 0.048828 0.051852
1 0.830566 0.772222 0.034180 0.088889
1 0.873047 0.748148 0.046875 0.088889
1 0.914551 0.721296 0.040039 0.083333
1 0.923340 0.875926 0.049805 0.055556
1 0.932617 0.937963 0.046875 0.057407
1 0.943359 0.700926 0.041016 0.083333
1 0.920410 0.601852 0.047852 0.051852
1 0.916992 0.037963 0.027344 0.072222
1 0.957520 0.587037 0.040039 0.059259
