1 0.336914 0.110185 0.023438 0.090741
1 0.368164 0.169444 0.023438 0.090741
1 0.169922 0.624074 0.054688 0.048148
1 0.397461 0.047222 0.019531 0.083333
1 0.421387 0.110185 0.020508 0.087037
1 0.742676 0.694444 0.043945 0.051852
1 0.742188 0.836111 0.048828 0.068519
1 0.741699 0.922222 0.045898 0.048148
1 0.746582 0.978704 0.047852 0.042593
1 0.823730 0.762037 0.034180 0.087037
1 0.867188 0.736111 0.044922 0.079630
1 0.916504 0.862037 0.043945 0.050000
1 0.924805 0.921296 0.042969 0.053704
1 0.907227 0.711111 0.041016 0.077778
1 0.935059 0.693519 0.040039 0.083333
1 0.914062 0.598148 0.044922 0.055556
1 0.948730 0.580556 0.038086 0.053704
1 0.981445 0.552778 0.037109 0.038889
1 0.763672 0.195370 0.042969 0.072222
1 0.864258 0.068519 0.037109 0.085185
1 0.909668 0.038889 0.028320 0.074074
1 0.551758 0.926852 0.021484 0.094444
1 0.490234 0.903704 0.023438 0.092593
1 0.458496 0.924074 0.022461 0.103704
1 0.523926 0.955556 0.022461 0.088889
