1 0.130859 0.572222 0.068359 0.051852
1 0.419922 0.609259 0.056641 0.062963
1 0.361328 0.738889 0.046875 0.107407
0 0.638672 0.668519 0.074219 0.237037
1 0.525391 0.557407 0.025391 0.055556
1 0.564453 0.586111 0.031250 0.072222
1 0.532715 0.753704 0.036133 0.096296
1 0.596680 0.855556 0.046875 0.118519
1 0.537109 0.950926 0.048828 0.098148
1 0.937988 0.663889 0.088867 0.072222
1 0.883789 0.575000 0.066406 0.053704
1 0.811523 0.436111 0.048828 0.042593
1 0.939941 0.405556 0.043945 0.033333
1 0.800781 0.416667 0.042969 0.037037
1 0.425781 0.312963 0.017578 0.033333
1 0.566406 0.300926 0.013672 0.031481
