1 0.521973 0.554630 0.030273 0.079630
1 0.574219 0.569444 0.033203 0.079630
1 0.652344 0.769444 0.050781 0.127778
1 0.071289 0.550000 0.072266 0.062963
1 0.740234 0.537037 0.070312 0.070370
1 0.860352 0.400926 0.056641 0.050000
1 0.945312 0.385185 0.056641 0.051852
1 0.950195 0.595370 0.082031 0.075926
1 0.846191 0.374074 0.051758 0.048148
1 0.458984 0.342593 0.023438 0.055556
1 0.420898 0.221296 0.019531 0.038889
1 0.503418 0.239815 0.016602 0.038889
1 0.562500 0.349074 0.023438 0.050000
1 0.602539 0.340741 0.021484 0.048148
1 0.526855 0.213889 0.016602 0.035185
1 0.532227 0.143519 0.013672 0.027778
0 0.594238 0.223148 0.028320 0.090741
1 0.474609 0.084259 0.015625 0.027778
1 0.528809 0.063889 0.010742 0.020370
1 0.542480 0.042593 0.010742 0.022222
1 0.556641 0.028704 0.007812 0.024074
