1 0.622559 0.820370 0.045898 0.140741
1 0.315918 0.687963 0.047852 0.116667
1 0.580078 0.573148 0.037109 0.087037
1 0.498535 0.521296 0.047852 0.079630
1 0.821289 0.633333 0.076172 0.081481
1 0.913574 0.479630 0.065430 0.066667
1 0.896484 0.444444 0.062500 0.051852
1 0.452148 0.258333 0.021484 0.046296
1 0.536133 0.289815 0.021484 0.042593
1 0.567871 0.294444 0.020508 0.044444
1 0.607910 0.288889 0.020508 0.044444
1 0.484863 0.099074 0.012695 0.024074
1 0.522461 0.089815 0.009766 0.024074
1 0.541504 0.083333 0.012695 0.022222
1 0.559570 0.107407 0.013672 0.029630
1 0.538574 0.122222 0.014648 0.025926
0 0.472656 0.020370 0.015625 0.037037
1 0.497070 0.031481 0.009766 0.018519
1 0.537598 0.021296 0.008789 0.016667
1 0.834473 0.259259 0.022461 0.040741
0 0.613281 0.197222 0.025391 0.083333
