3 0.232422 0.642593 0.019531 0.029630
1 0.072754 0.830556 0.051758 0.075926
1 0.171875 0.959259 0.056641 0.081481
1 0.289551 0.813889 0.049805 0.079630
1 0.244141 0.732407 0.046875 0.068519
1 0.192871 0.705556 0.047852 0.066667
1 0.224609 0.602778 0.041016 0.061111
1 0.320801 0.523148 0.040039 0.046296
1 0.377441 0.590741 0.045898 0.044444
1 0.491699 0.625000 0.038086 0.050000
1 0.414062 0.721296 0.041016 0.053704
2 0.585938 0.704630 0.060547 0.083333
1 0.566406 0.794444 0.044922 0.070370
1 0.562012 0.510185 0.026367 0.064815
1 0.726562 0.855556 0.048828 0.070370
2 0.725098 0.944444 0.071289 0.111111
2 0.832520 0.960185 0.061523 0.079630
1 0.817871 0.469444 0.028320 0.061111
2 0.872559 0.517593 0.034180 0.072222
1 0.899414 0.546296 0.029297 0.062963
1 0.675293 0.051852 0.024414 0.048148
1 0.646484 0.109259 0.025391 0.048148
1 0.615234 0.172222 0.023438 0.048148
1 0.560059 0.203704 0.032227 0.051852
2 0.587891 0.211111 0.039062 0.074074
1 0.323730 0.167593 0.030273 0.050000
1 0.878906 0.050926 0.033203 0.035185
