2 0.287598 0.300000 0.069336 0.066667
2 0.364258 0.311111 0.062500 0.066667
1 0.114258 0.340741 0.054688 0.040741
1 0.119141 0.377778 0.050781 0.044444
1 0.476074 0.762037 0.041992 0.116667
3 0.337402 0.237037 0.014648 0.033333
3 0.436035 0.052778 0.004883 0.020370
3 0.427246 0.063889 0.006836 0.020370
1 0.412598 0.069444 0.014648 0.027778
1 0.399414 0.168519 0.019531 0.037037
1 0.429688 0.248148 0.035156 0.040741
2 0.486328 0.225000 0.054688 0.087037
1 0.557617 0.030556 0.011719 0.020370
1 0.509277 0.062037 0.014648 0.027778
1 0.488770 0.098148 0.012695 0.033333
1 0.521484 0.120370 0.013672 0.037037
1 0.527344 0.073148 0.011719 0.027778
1 0.453613 0.135185 0.014648 0.033333
1 0.479980 0.174074 0.020508 0.033333
1 0.452148 0.166667 0.015625 0.037037
1 0.772461 0.354630 0.033203 0.053704
1 0.809082 0.343519 0.032227 0.050000
