1 0.117676 0.589815 0.043945 0.057407
1 0.076172 0.772222 0.050781 0.062963
1 0.189453 0.608333 0.048828 0.057407
1 0.236328 0.650926 0.044922 0.061111
1 0.325684 0.547222 0.038086 0.038889
1 0.207031 0.792593 0.048828 0.062963
1 0.314453 0.706481 0.050781 0.061111
2 0.429688 0.579630 0.056641 0.077778
1 0.420898 0.709259 0.046875 0.051852
2 0.629883 0.862963 0.048828 0.088889
1 0.553223 0.878704 0.040039 0.075926
1 0.525391 0.694444 0.039062 0.070370
1 0.363770 0.113889 0.034180 0.035185
1 0.381836 0.139815 0.033203 0.046296
1 0.529297 0.338889 0.025391 0.059259
1 0.607910 0.242593 0.034180 0.044444
2 0.634277 0.258333 0.045898 0.068519
1 0.668457 0.227778 0.026367 0.044444
1 0.709961 0.173148 0.027344 0.046296
1 0.749512 0.121296 0.030273 0.046296
1 0.776855 0.055556 0.028320 0.040741
1 0.841309 0.602778 0.032227 0.053704
2 0.893555 0.675926 0.044922 0.074074
1 0.921875 0.716667 0.039062 0.062963
1 0.975098 0.181481 0.038086 0.044444
3 0.365723 0.730556 0.018555 0.035185
