1 0.210938 0.236111 0.029297 0.057407
1 0.283691 0.842593 0.043945 0.092593
1 0.371582 0.841667 0.043945 0.083333
1 0.254883 0.708333 0.044922 0.075926
1 0.395508 0.619444 0.046875 0.061111
2 0.478027 0.691667 0.067383 0.075926
1 0.455566 0.541667 0.040039 0.042593
1 0.488770 0.597222 0.045898 0.042593
1 0.570312 0.555556 0.042969 0.048148
3 0.508301 0.553704 0.020508 0.025926
1 0.604980 0.625926 0.049805 0.051852
1 0.692383 0.595370 0.044922 0.050000
1 0.722168 0.662037 0.040039 0.046296
2 0.814941 0.699074 0.067383 0.064815
1 0.953613 0.749074 0.049805 0.050000
1 0.758789 0.299074 0.019531 0.057407
2 0.810059 0.319444 0.024414 0.068519
1 0.835449 0.330556 0.022461 0.061111
1 0.964355 0.394444 0.026367 0.066667
1 0.483398 0.174074 0.025391 0.055556
2 0.511230 0.167593 0.030273 0.079630
1 0.527832 0.119444 0.018555 0.042593
1 0.543457 0.050926 0.018555 0.050000
