1 0.321777 0.045370 0.022461 0.046296
1 0.335449 0.111111 0.018555 0.044444
2 0.344238 0.166667 0.026367 0.077778
1 0.070312 0.531481 0.027344 0.074074
1 0.519043 0.666667 0.032227 0.077778
1 0.507812 0.891667 0.023438 0.098148
1 0.583984 0.536111 0.033203 0.057407
1 0.547852 0.412037 0.041016 0.050000
1 0.597168 0.375926 0.038086 0.048148
1 0.626953 0.400000 0.037109 0.051852
1 0.570312 0.438889 0.033203 0.048148
1 0.642090 0.344444 0.038086 0.048148
1 0.687988 0.408333 0.034180 0.046296
1 0.770508 0.390741 0.037109 0.051852
1 0.819336 0.308333 0.035156 0.042593
3 0.674805 0.323148 0.017578 0.024074
1 0.684082 0.351852 0.038086 0.048148
1 0.709961 0.285185 0.037109 0.048148
1 0.731445 0.315741 0.037109 0.050000
1 0.762695 0.241667 0.035156 0.050000
1 0.782227 0.269444 0.033203 0.046296
2 0.831055 0.233333 0.046875 0.059259
1 0.638184 0.047222 0.020508 0.050000
1 0.873047 0.200926 0.033203 0.042593
2 0.909668 0.173148 0.038086 0.046296
3 0.417969 0.316667 0.011719 0.029630
3 0.406250 0.170370 0.009766 0.029630
