1 0.088867 0.596296 0.052734 0.051852
1 0.140625 0.652778 0.048828 0.050000
1 0.054199 0.813889 0.053711 0.057407
1 0.240234 0.525926 0.037109 0.044444
1 0.244141 0.600000 0.046875 0.051852
2 0.362305 0.517593 0.056641 0.064815
1 0.292969 0.682407 0.046875 0.053704
1 0.389160 0.666667 0.049805 0.048148
1 0.457031 0.607407 0.039062 0.059259
1 0.484863 0.803704 0.040039 0.081481
2 0.541504 0.744444 0.041992 0.081481
2 0.648438 0.893519 0.042969 0.083333
1 0.630371 0.940741 0.041992 0.088889
1 0.407227 0.098148 0.035156 0.033333
1 0.422852 0.126852 0.029297 0.038889
1 0.532715 0.258333 0.024414 0.061111
1 0.640137 0.268519 0.036133 0.040741
2 0.665039 0.288889 0.048828 0.066667
1 0.703613 0.264815 0.028320 0.040741
1 0.751465 0.215741 0.030273 0.046296
1 0.795898 0.171296 0.031250 0.046296
1 0.810547 0.125000 0.031250 0.046296
1 0.854492 0.686111 0.039062 0.057407
2 0.904785 0.772222 0.047852 0.074074
1 0.930664 0.820370 0.042969 0.062963
3 0.415527 0.728704 0.018555 0.031481
