1 0.088867 0.470370 0.025391 0.074074
2 0.373047 0.159259 0.023438 0.081481
1 0.359375 0.034259 0.019531 0.050000
1 0.368652 0.099074 0.016602 0.046296
1 0.676270 0.080556 0.020508 0.053704
2 0.654785 0.085185 0.022461 0.059259
1 0.506836 0.703704 0.031250 0.081481
1 0.524414 0.453704 0.039062 0.044444
1 0.547363 0.487963 0.034180 0.050000
1 0.594727 0.569444 0.041016 0.057407
1 0.697754 0.486111 0.032227 0.046296
3 0.691895 0.369444 0.016602 0.027778
3 0.464355 0.352778 0.012695 0.024074
3 0.426758 0.123148 0.009766 0.027778
3 0.540039 0.047222 0.015625 0.027778
1 0.598633 0.412963 0.041016 0.048148
1 0.631348 0.441667 0.041992 0.053704
1 0.653809 0.385185 0.038086 0.051852
1 0.691895 0.401852 0.038086 0.040741
1 0.731445 0.333333 0.037109 0.044444
1 0.772949 0.053704 0.026367 0.059259
1 0.895996 0.022222 0.028320 0.040741
1 0.787598 0.298148 0.038086 0.044444
1 0.808594 0.328704 0.035156 0.046296
2 0.864258 0.299074 0.052734 0.061111
1 0.750488 0.371296 0.043945 0.046296
1 0.817871 0.382407 0.034180 0.046296
1 0.909668 0.273148 0.038086 0.042593
1 0.916016 0.373148 0.041016 0.046296
2 0.953125 0.248148 0.042969 0.040741
1 0.964355 0.305556 0.038086 0.040741
