2 0.351562 0.311111 0.095703 0.085185
1 0.291504 0.280556 0.041992 0.042593
3 0.237793 0.271296 0.018555 0.031481
3 0.134766 0.285185 0.019531 0.033333
1 0.257324 0.326852 0.047852 0.042593
1 0.412109 0.075926 0.013672 0.025926
1 0.425293 0.091667 0.014648 0.027778
3 0.379395 0.176852 0.008789 0.027778
1 0.453613 0.141667 0.016602 0.031481
1 0.450684 0.173148 0.016602 0.035185
1 0.459961 0.219444 0.025391 0.042593
1 0.483887 0.246296 0.032227 0.048148
1 0.490234 0.165741 0.019531 0.035185
1 0.512695 0.191667 0.019531 0.038889
3 0.477051 0.029630 0.008789 0.018519
3 0.434082 0.032407 0.006836 0.020370
1 0.557129 0.034259 0.012695 0.024074
1 0.770996 0.358333 0.032227 0.061111
1 0.809082 0.350000 0.036133 0.055556
2 0.074219 0.345370 0.085938 0.057407
