3 0.444824 0.822222 0.014648 0.044444
1 0.822754 0.191667 0.032227 0.038889
1 0.830566 0.219444 0.034180 0.046296
1 0.661621 0.294444 0.038086 0.040741
1 0.439453 0.090741 0.031250 0.033333
1 0.454590 0.121296 0.030273 0.038889
1 0.541504 0.188889 0.020508 0.055556
2 0.686523 0.320370 0.050781 0.062963
1 0.727051 0.300000 0.030273 0.040741
1 0.779785 0.260185 0.032227 0.046296
2 0.282227 0.476852 0.056641 0.050000
2 0.466797 0.618519 0.042969 0.074074
2 0.542480 0.699074 0.034180 0.075926
1 0.138672 0.506481 0.037109 0.038889
1 0.143555 0.702778 0.046875 0.046296
1 0.177734 0.580556 0.046875 0.042593
1 0.249023 0.559259 0.042969 0.048148
1 0.388184 0.532407 0.040039 0.053704
1 0.363281 0.650000 0.044922 0.044444
1 0.451660 0.725000 0.043945 0.083333
1 0.535156 0.778704 0.037109 0.083333
1 0.598633 0.859259 0.039062 0.088889
1 0.854004 0.758333 0.041992 0.057407
2 0.900879 0.858333 0.053711 0.072222
1 0.926270 0.917593 0.045898 0.061111
