1 0.054199 0.653704 0.026367 0.081481
1 0.096680 0.472222 0.046875 0.051852
1 0.194824 0.429630 0.040039 0.055556
1 0.251465 0.075926 0.024414 0.051852
1 0.275879 0.137963 0.020508 0.046296
2 0.292480 0.191667 0.032227 0.083333
1 0.515625 0.034259 0.023438 0.050000
1 0.521973 0.522222 0.030273 0.062963
1 0.577148 0.498148 0.039062 0.066667
1 0.605469 0.409259 0.037109 0.059259
2 0.826660 0.040741 0.032227 0.048148
2 0.766602 0.115741 0.041016 0.068519
1 0.748047 0.088889 0.029297 0.044444
1 0.797852 0.076852 0.027344 0.042593
1 0.663086 0.197222 0.033203 0.050000
1 0.727539 0.163889 0.029297 0.050000
1 0.690430 0.218519 0.035156 0.051852
1 0.650879 0.267593 0.034180 0.050000
3 0.637207 0.243519 0.012695 0.027778
1 0.609863 0.271296 0.034180 0.053704
1 0.572266 0.316667 0.037109 0.055556
1 0.604004 0.327778 0.038086 0.059259
1 0.534668 0.362963 0.038086 0.055556
1 0.562012 0.375926 0.032227 0.051852
1 0.747070 0.264815 0.033203 0.051852
1 0.555176 0.833333 0.028320 0.081481
