1 0.410156 0.262963 0.042969 0.044444
1 0.419434 0.298148 0.041992 0.044444
1 0.447266 0.021296 0.013672 0.024074
1 0.413574 0.074074 0.014648 0.025926
1 0.455566 0.137037 0.014648 0.029630
3 0.399902 0.121296 0.008789 0.027778
3 0.362793 0.220370 0.012695 0.029630
3 0.318359 0.253704 0.017578 0.033333
1 0.319824 0.299074 0.040039 0.042593
1 0.337402 0.328704 0.047852 0.050000
1 0.452637 0.172222 0.018555 0.037037
1 0.402832 0.176852 0.018555 0.038889
1 0.773438 0.358333 0.035156 0.050000
1 0.810547 0.348148 0.033203 0.048148
