3 0.314453 0.179630 0.031250 0.081481
3 0.240723 0.074074 0.010742 0.029630
3 0.250977 0.100000 0.009766 0.029630
1 0.283203 0.058333 0.023438 0.053704
1 0.301270 0.122222 0.020508 0.044444
1 0.060059 0.442593 0.043945 0.048148
1 0.057617 0.594444 0.023438 0.081481
1 0.159180 0.421296 0.042969 0.050000
1 0.521484 0.832407 0.027344 0.090741
1 0.528809 0.649074 0.022461 0.068519
3 0.653809 0.279630 0.012695 0.029630
1 0.540527 0.385185 0.040039 0.051852
1 0.566895 0.401852 0.034180 0.051852
1 0.587402 0.452778 0.034180 0.053704
1 0.654785 0.433333 0.040039 0.059259
1 0.698730 0.342593 0.036133 0.051852
1 0.582520 0.341667 0.040039 0.053704
1 0.614258 0.361111 0.037109 0.055556
1 0.622559 0.304630 0.034180 0.057407
1 0.664551 0.305556 0.036133 0.048148
1 0.682617 0.237963 0.035156 0.050000
1 0.708496 0.264815 0.038086 0.048148
1 0.751465 0.213889 0.030273 0.046296
1 0.872559 0.201852 0.030273 0.040741
2 0.795898 0.169444 0.042969 0.064815
1 0.745117 0.174074 0.035156 0.048148
1 0.831055 0.133333 0.031250 0.044444
2 0.863770 0.102778 0.034180 0.050000
1 0.544922 0.051852 0.019531 0.044444
1 0.599609 0.022222 0.021484 0.040741
