1 0.293457 0.192593 0.030273 0.051852
1 0.634277 0.025926 0.022461 0.048148
1 0.610840 0.087037 0.022461 0.048148
1 0.583984 0.151852 0.021484 0.044444
1 0.533203 0.191667 0.029297 0.050000
2 0.560547 0.195370 0.037109 0.072222
1 0.798828 0.406481 0.023438 0.053704
2 0.851562 0.445370 0.029297 0.072222
1 0.879883 0.464815 0.027344 0.059259
2 0.629883 0.791667 0.066406 0.087037
1 0.672363 0.742593 0.065430 0.081481
1 0.821777 0.860185 0.051758 0.064815
2 0.920898 0.938889 0.064453 0.077778
1 0.237793 0.955556 0.051758 0.088889
1 0.198730 0.751852 0.049805 0.077778
1 0.252930 0.775000 0.046875 0.079630
1 0.356445 0.788889 0.039062 0.066667
3 0.338867 0.596296 0.019531 0.025926
1 0.413574 0.517593 0.038086 0.038889
1 0.306152 0.566667 0.040039 0.055556
1 0.483887 0.711111 0.045898 0.048148
1 0.302246 0.649074 0.043945 0.057407
1 0.457031 0.608333 0.046875 0.050000
1 0.583984 0.572222 0.037109 0.066667
1 0.571289 0.664815 0.039062 0.051852
