1 0.108887 0.413889 0.028320 0.075926
1 0.466797 0.500926 0.042969 0.046296
1 0.379395 0.044444 0.016602 0.051852
1 0.396973 0.028704 0.018555 0.050000
1 0.400879 0.095370 0.014648 0.050000
2 0.401367 0.156481 0.019531 0.075926
2 0.687012 0.123148 0.020508 0.057407
1 0.710449 0.118519 0.018555 0.055556
1 0.814941 0.105556 0.026367 0.055556
3 0.492188 0.386111 0.009766 0.027778
3 0.685547 0.425000 0.017578 0.031481
1 0.573730 0.458333 0.040039 0.046296
1 0.501953 0.537037 0.039062 0.044444
1 0.566406 0.602778 0.044922 0.057407
1 0.643555 0.436111 0.039062 0.046296
1 0.625488 0.484259 0.041992 0.046296
1 0.718262 0.548148 0.040039 0.044444
1 0.688477 0.458333 0.042969 0.046296
1 0.740723 0.392593 0.038086 0.044444
1 0.754883 0.434259 0.044922 0.046296
1 0.809082 0.362963 0.040039 0.044444
1 0.948730 0.090741 0.028320 0.044444
1 0.825684 0.401852 0.040039 0.044444
2 0.892090 0.379630 0.057617 0.059259
1 0.831055 0.482407 0.035156 0.042593
1 0.975586 0.398148 0.035156 0.037037
1 0.944336 0.356481 0.039062 0.038889
