1 0.062012 0.872222 0.038086 0.092593
1 0.066406 0.650926 0.050781 0.075926
1 0.134277 0.586111 0.045898 0.068519
1 0.093262 0.121296 0.034180 0.046296
1 0.142578 0.176852 0.031250 0.050000
1 0.183594 0.227778 0.027344 0.040741
2 0.215332 0.269444 0.045898 0.075926
1 0.216797 0.388889 0.025391 0.066667
1 0.521484 0.606481 0.031250 0.075926
1 0.544922 0.534259 0.025391 0.072222
1 0.622559 0.756481 0.043945 0.083333
1 0.593750 0.811111 0.041016 0.074074
1 0.406738 0.020370 0.026367 0.037037
1 0.623535 0.054630 0.022461 0.053704
1 0.588867 0.075000 0.025391 0.050000
1 0.602051 0.116667 0.026367 0.051852
1 0.577148 0.175926 0.025391 0.055556
1 0.542969 0.195370 0.027344 0.057407
1 0.548340 0.250000 0.028320 0.055556
1 0.517578 0.252778 0.027344 0.057407
1 0.491699 0.314815 0.030273 0.062963
1 0.519043 0.312037 0.024414 0.053704
