1 0.337402 0.933333 0.051758 0.133333
1 0.340820 0.685185 0.037109 0.081481
1 0.582520 0.923148 0.038086 0.112963
1 0.524902 0.805556 0.030273 0.092593
1 0.473633 0.825000 0.031250 0.090741
1 0.576660 0.768519 0.032227 0.103704
1 0.526855 0.697222 0.028320 0.075926
1 0.486328 0.724074 0.031250 0.077778
1 0.419434 0.698148 0.030273 0.077778
1 0.497559 0.585185 0.022461 0.051852
1 0.532715 0.597222 0.022461 0.050000
1 0.573730 0.651852 0.028320 0.066667
1 0.569824 0.571296 0.024414 0.053704
1 0.532715 0.523148 0.020508 0.050000
1 0.495605 0.523148 0.020508 0.050000
1 0.503906 0.473148 0.017578 0.042593
1 0.425293 0.489815 0.024414 0.046296
1 0.429199 0.397222 0.020508 0.042593
1 0.433594 0.300926 0.013672 0.031481
1 0.448730 0.327778 0.014648 0.029630
1 0.506348 0.421296 0.016602 0.035185
1 0.536621 0.447222 0.016602 0.042593
1 0.563477 0.413889 0.017578 0.035185
1 0.594238 0.352778 0.024414 0.031481
1 0.534668 0.392593 0.014648 0.033333
1 0.509766 0.366667 0.015625 0.029630
1 0.533203 0.356481 0.015625 0.031481
1 0.552246 0.300000 0.014648 0.025926
1 0.530273 0.293519 0.013672 0.024074
1 0.509766 0.316667 0.013672 0.029630
1 0.443359 0.238889 0.011719 0.022222
1 0.458496 0.250000 0.012695 0.025926
1 0.496582 0.270370 0.012695 0.025926
1 0.514648 0.269444 0.011719 0.024074
1 0.544922 0.262963 0.013672 0.022222
1 0.541016 0.223148 0.009766 0.024074
1 0.517090 0.226852 0.012695 0.024074
1 0.541504 0.206481 0.010742 0.016667
1 0.481445 0.160185 0.007812 0.020370
1 0.459473 0.152778 0.008789 0.016667
1 0.465332 0.182407 0.008789 0.016667
1 0.468262 0.129630 0.008789 0.018519
1 0.480469 0.130556 0.007812 0.016667
1 0.957031 0.920370 0.085938 0.074074
1 0.907227 0.823148 0.072266 0.064815
1 0.886719 0.755556 0.058594 0.066667
1 0.868164 0.701852 0.066406 0.051852
1 0.860352 0.671296 0.058594 0.038889
1 0.969238 0.634259 0.061523 0.038889
1 0.977539 0.386111 0.029297 0.035185
2 0.886719 0.290741 0.037109 0.037037
1 0.827637 0.265741 0.014648 0.024074
