2 0.648438 0.332407 0.035156 0.038889
1 0.516113 0.206481 0.008789 0.016667
1 0.526855 0.187037 0.008789 0.018519
1 0.504883 0.237037 0.009766 0.018519
1 0.465332 0.262963 0.012695 0.025926
1 0.503418 0.280556 0.010742 0.024074
1 0.522949 0.312037 0.012695 0.024074
1 0.456543 0.334259 0.012695 0.035185
1 0.503418 0.329630 0.012695 0.025926
1 0.527344 0.348148 0.011719 0.025926
1 0.485352 0.348148 0.013672 0.029630
1 0.420410 0.345370 0.014648 0.027778
1 0.504883 0.390741 0.013672 0.029630
1 0.529297 0.402778 0.013672 0.035185
1 0.423828 0.435185 0.017578 0.037037
1 0.496582 0.470370 0.016602 0.037037
1 0.525391 0.499074 0.017578 0.038889
1 0.559082 0.557407 0.020508 0.051852
1 0.370605 0.563889 0.024414 0.053704
1 0.486328 0.566667 0.021484 0.051852
1 0.520020 0.600000 0.020508 0.051852
1 0.486328 0.659259 0.023438 0.059259
1 0.567871 0.735185 0.028320 0.074074
1 0.472168 0.823148 0.032227 0.087037
1 0.514648 0.912037 0.033203 0.109259
1 0.354004 0.830556 0.038086 0.101852
1 0.902832 0.412037 0.038086 0.031481
1 0.866699 0.307407 0.030273 0.022222
1 0.520508 0.254630 0.009766 0.020370
