1 0.411621 0.806481 0.051758 0.105556
1 0.540527 0.795370 0.041992 0.094444
1 0.554688 0.699074 0.031250 0.079630
1 0.515625 0.486111 0.041016 0.042593
1 0.601562 0.419444 0.025391 0.042593
1 0.608398 0.512037 0.027344 0.057407
1 0.588867 0.586111 0.031250 0.061111
1 0.555176 0.596296 0.034180 0.066667
3 0.798828 0.277778 0.007812 0.025926
1 0.703125 0.191667 0.013672 0.027778
1 0.820801 0.140741 0.010742 0.022222
1 0.014648 0.389815 0.027344 0.038889
1 0.152344 0.187963 0.027344 0.024074
0 0.159668 0.221296 0.047852 0.050000
1 0.240723 0.149074 0.020508 0.020370
