0 0.609863 0.249074 0.059570 0.068519
1 0.637207 0.393519 0.053711 0.042593
1 0.557129 0.428704 0.051758 0.042593
1 0.542480 0.491667 0.059570 0.046296
1 0.533203 0.459259 0.058594 0.040741
1 0.386230 0.432407 0.043945 0.042593
1 0.513672 0.412037 0.054688 0.038889
1 0.717773 0.406481 0.052734 0.038889
1 0.792480 0.470370 0.051758 0.044444
1 0.796875 0.425000 0.056641 0.038889
1 0.734863 0.390741 0.051758 0.033333
1 0.822754 0.388889 0.053711 0.040741
1 0.870117 0.406481 0.058594 0.038889
1 0.944824 0.384259 0.055664 0.042593
1 0.750488 0.368519 0.053711 0.033333
1 0.597168 0.772222 0.049805 0.125926
1 0.513184 0.386111 0.055664 0.035185
1 0.304199 0.412037 0.053711 0.042593
1 0.278320 0.488889 0.052734 0.051852
1 0.273926 0.536111 0.069336 0.053704
1 0.046875 0.502778 0.070312 0.046296
1 0.087891 0.542593 0.078125 0.055556
2 0.186035 0.381481 0.069336 0.048148
1 0.215820 0.432407 0.060547 0.046296
1 0.269531 0.455556 0.056641 0.033333
1 0.283691 0.392593 0.047852 0.037037
1 0.495117 0.373148 0.044922 0.042593
1 0.233887 0.231481 0.020508 0.022222
1 0.255371 0.229630 0.018555 0.025926
1 0.272949 0.260185 0.020508 0.035185
1 0.295410 0.258333 0.020508 0.027778
1 0.316406 0.255556 0.019531 0.029630
1 0.338379 0.258333 0.018555 0.027778
1 0.351074 0.226852 0.016602 0.024074
1 0.332031 0.227778 0.017578 0.025926
1 0.312988 0.227778 0.018555 0.025926
1 0.292480 0.227778 0.018555 0.029630
1 0.274414 0.229630 0.015625 0.025926
1 0.477051 0.225000 0.016602 0.027778
1 0.455566 0.256481 0.016602 0.027778
1 0.499023 0.259259 0.017578 0.029630
1 0.493652 0.224074 0.014648 0.025926
1 0.511230 0.225000 0.012695 0.027778
