0 0.642578 0.295370 0.042969 0.083333
1 0.626953 0.390741 0.048828 0.037037
1 0.692383 0.376852 0.050781 0.035185
1 0.743164 0.414815 0.052734 0.040741
1 0.702148 0.486111 0.050781 0.057407
1 0.639160 0.524074 0.067383 0.051852
1 0.565918 0.555556 0.071289 0.055556
1 0.533691 0.399074 0.049805 0.038889
1 0.486328 0.419444 0.056641 0.038889
1 0.399414 0.399074 0.050781 0.038889
1 0.452637 0.493519 0.061523 0.050000
1 0.277344 0.377778 0.039062 0.044444
1 0.271973 0.437037 0.055664 0.040741
1 0.260742 0.532407 0.074219 0.053704
1 0.204590 0.405556 0.055664 0.037037
1 0.095703 0.505556 0.072266 0.048148
1 0.060059 0.544444 0.073242 0.048148
1 0.072266 0.399074 0.064453 0.046296
1 0.866211 0.413889 0.056641 0.038889
2 0.608398 0.229630 0.027344 0.048148
1 0.585938 0.229630 0.015625 0.033333
1 0.500000 0.262963 0.017578 0.029630
1 0.512207 0.232407 0.014648 0.024074
1 0.495117 0.231481 0.013672 0.025926
1 0.478027 0.232407 0.016602 0.027778
1 0.457520 0.263889 0.014648 0.027778
1 0.234863 0.236111 0.020508 0.027778
1 0.257324 0.235185 0.018555 0.025926
1 0.275879 0.235185 0.016602 0.025926
1 0.295898 0.234259 0.019531 0.027778
1 0.314941 0.232407 0.018555 0.027778
1 0.333984 0.234259 0.017578 0.027778
1 0.352051 0.233333 0.016602 0.025926
1 0.275391 0.265741 0.021484 0.035185
1 0.296875 0.263889 0.021484 0.031481
1 0.317871 0.262037 0.020508 0.031481
1 0.339355 0.263889 0.018555 0.027778
