1 0.165527 0.350926 0.059570 0.057407
1 0.134277 0.398148 0.073242 0.055556
1 0.190918 0.429630 0.081055 0.070370
1 0.204102 0.500926 0.093750 0.064815
1 0.301270 0.477778 0.071289 0.066667
1 0.358398 0.381481 0.066406 0.051852
1 0.398438 0.457407 0.066406 0.059259
1 0.439941 0.411111 0.067383 0.055556
1 0.477051 0.240741 0.026367 0.062963
1 0.502930 0.333333 0.056641 0.048148
1 0.527344 0.368519 0.060547 0.048148
1 0.613770 0.507407 0.063477 0.059259
1 0.452637 0.556481 0.067383 0.075926
1 0.495117 0.619444 0.078125 0.075926
1 0.259766 0.596296 0.087891 0.074074
1 0.698730 0.357407 0.061523 0.059259
1 0.855469 0.319444 0.050781 0.042593
1 0.944824 0.488889 0.065430 0.051852
1 0.833496 0.484259 0.063477 0.053704
1 0.779297 0.519444 0.066406 0.057407
1 0.855957 0.564815 0.069336 0.062963
1 0.841309 0.388889 0.057617 0.048148
3 0.302734 0.829630 0.039062 0.059259
3 0.424805 0.788889 0.039062 0.070370
