1 0.333984 0.801852 0.042969 0.096296
1 0.416504 0.599074 0.030273 0.064815
1 0.499512 0.557407 0.020508 0.048148
1 0.495117 0.667593 0.025391 0.061111
1 0.580078 0.744444 0.033203 0.088889
1 0.486816 0.792593 0.028320 0.081481
1 0.502441 0.466667 0.018555 0.037037
1 0.528809 0.436111 0.014648 0.035185
1 0.563477 0.534259 0.021484 0.050000
1 0.533691 0.612963 0.022461 0.055556
1 0.436035 0.370370 0.016602 0.033333
1 0.485840 0.406481 0.016602 0.035185
1 0.553711 0.394444 0.015625 0.033333
1 0.527832 0.365741 0.014648 0.027778
1 0.505371 0.345370 0.012695 0.027778
2 0.549805 0.302778 0.015625 0.038889
1 0.450684 0.282407 0.010742 0.027778
1 0.505859 0.287963 0.009766 0.024074
1 0.525391 0.290741 0.011719 0.025926
1 0.519531 0.260185 0.009766 0.020370
1 0.505859 0.246296 0.007812 0.018519
1 0.518066 0.227778 0.008789 0.018519
1 0.502441 0.223148 0.008789 0.020370
2 0.471680 0.228704 0.009766 0.031481
1 0.440430 0.248148 0.009766 0.022222
1 0.903320 0.389815 0.021484 0.031481
1 0.902344 0.358333 0.031250 0.024074
