2 0.247559 0.502778 0.094727 0.087037
1 0.279297 0.443519 0.064453 0.046296
1 0.399414 0.537037 0.056641 0.055556
1 0.336426 0.474074 0.059570 0.048148
1 0.256348 0.415741 0.061523 0.046296
1 0.308105 0.380556 0.055664 0.046296
3 0.289062 0.353704 0.019531 0.033333
1 0.433105 0.371296 0.049805 0.042593
1 0.464844 0.298148 0.021484 0.055556
1 0.408691 0.462037 0.051758 0.046296
1 0.460449 0.404630 0.053711 0.042593
1 0.525391 0.252778 0.031250 0.035185
1 0.475586 0.499074 0.056641 0.050000
1 0.492676 0.569444 0.059570 0.053704
1 0.625977 0.389815 0.052734 0.042593
1 0.599609 0.512963 0.048828 0.040741
1 0.584473 0.362963 0.045898 0.040741
3 0.765137 0.631481 0.024414 0.040741
3 0.832031 0.617593 0.021484 0.042593
3 0.622070 0.652778 0.025391 0.038889
1 0.708496 0.550000 0.061523 0.051852
1 0.766113 0.503704 0.053711 0.044444
1 0.774414 0.463889 0.048828 0.038889
1 0.748047 0.410185 0.048828 0.042593
1 0.737305 0.351852 0.042969 0.037037
1 0.915527 0.475926 0.047852 0.040741
1 0.906250 0.379630 0.037109 0.033333
1 0.924316 0.352778 0.040039 0.031481
1 0.553711 0.138889 0.027344 0.025926
