1 0.678711 0.943519 0.039062 0.112963
1 0.734863 0.763889 0.034180 0.101852
1 0.430176 0.900000 0.049805 0.133333
1 0.107910 0.075000 0.028320 0.020370
1 0.143066 0.055556 0.022461 0.022222
1 0.180664 0.053704 0.023438 0.029630
0 0.064453 0.145370 0.060547 0.053704
1 0.670898 0.661111 0.033203 0.081481
1 0.626465 0.616667 0.028320 0.081481
1 0.592285 0.630556 0.030273 0.079630
1 0.498535 0.625000 0.040039 0.094444
1 0.531738 0.512037 0.030273 0.075926
1 0.587402 0.551852 0.036133 0.074074
1 0.619141 0.525000 0.025391 0.068519
1 0.569824 0.353704 0.024414 0.051852
1 0.583496 0.411111 0.026367 0.051852
1 0.609375 0.418519 0.023438 0.059259
1 0.615234 0.341667 0.023438 0.050000
1 0.597656 0.284259 0.019531 0.042593
1 0.603027 0.177778 0.016602 0.033333
1 0.620605 0.208333 0.018555 0.035185
1 0.632812 0.161111 0.015625 0.033333
1 0.664062 0.055556 0.011719 0.022222
