0 0.271973 0.325926 0.116211 0.077778
0 0.665527 0.305556 0.032227 0.085185
2 0.622559 0.202778 0.026367 0.046296
1 0.601074 0.207407 0.014648 0.033333
1 0.537598 0.456481 0.055664 0.050000
1 0.603516 0.425926 0.056641 0.040741
1 0.612305 0.402778 0.050781 0.042593
1 0.657227 0.376852 0.050781 0.038889
1 0.763672 0.424074 0.054688 0.044444
1 0.968750 0.331481 0.048828 0.033333
1 0.393555 0.362963 0.048828 0.037037
1 0.402344 0.426852 0.054688 0.046296
1 0.301758 0.406481 0.056641 0.042593
1 0.155273 0.462037 0.058594 0.046296
1 0.124512 0.435185 0.059570 0.044444
1 0.273438 0.213889 0.019531 0.024074
1 0.293945 0.212963 0.015625 0.022222
1 0.311035 0.212037 0.014648 0.024074
1 0.314453 0.238889 0.017578 0.033333
1 0.328613 0.210185 0.016602 0.024074
1 0.333008 0.236111 0.017578 0.027778
1 0.347656 0.209259 0.017578 0.025926
1 0.364258 0.209259 0.015625 0.025926
1 0.381348 0.210185 0.014648 0.027778
1 0.353516 0.236111 0.015625 0.027778
1 0.374023 0.235185 0.017578 0.029630
1 0.500000 0.209259 0.015625 0.025926
1 0.516602 0.208333 0.013672 0.024074
1 0.483398 0.237037 0.015625 0.025926
1 0.523438 0.237037 0.017578 0.029630
1 0.532227 0.207407 0.013672 0.025926
