3 0.402344 0.755556 0.019531 0.055556
1 0.105469 0.117593 0.027344 0.024074
1 0.141113 0.096296 0.026367 0.022222
1 0.265137 0.037037 0.020508 0.025926
0 0.063965 0.195370 0.057617 0.057407
1 0.498535 0.938889 0.043945 0.122222
1 0.469727 0.808333 0.044922 0.124074
1 0.525879 0.572222 0.030273 0.066667
1 0.537598 0.662963 0.034180 0.092593
1 0.586914 0.704630 0.029297 0.083333
1 0.621094 0.692593 0.029297 0.081481
1 0.581543 0.623148 0.034180 0.072222
1 0.614258 0.600000 0.027344 0.070370
1 0.558105 0.444444 0.028320 0.059259
1 0.605469 0.471296 0.025391 0.061111
1 0.579102 0.387037 0.025391 0.051852
1 0.606445 0.400000 0.021484 0.048148
1 0.621094 0.348148 0.019531 0.044444
1 0.603516 0.287037 0.019531 0.033333
1 0.617188 0.243519 0.017578 0.035185
1 0.634277 0.108333 0.012695 0.024074
2 0.722168 0.025000 0.014648 0.046296
2 0.738770 0.012963 0.010742 0.022222
2 0.732422 0.098148 0.009766 0.025926
1 0.697266 0.137963 0.011719 0.024074
1 0.670898 0.032407 0.009766 0.020370
1 0.696289 0.076852 0.011719 0.020370
1 0.712402 0.068519 0.010742 0.022222
1 0.636230 0.162963 0.014648 0.033333
1 0.628906 0.195370 0.015625 0.031481
1 0.975098 0.385185 0.030273 0.040741
