2 0.397461 0.532407 0.033203 0.112963
1 0.439453 0.116667 0.013672 0.025926
1 0.499512 0.135185 0.012695 0.025926
1 0.517090 0.156481 0.012695 0.024074
1 0.547852 0.239815 0.019531 0.042593
1 0.500000 0.212963 0.015625 0.029630
1 0.425781 0.208333 0.017578 0.038889
1 0.444824 0.243519 0.018555 0.038889
1 0.497070 0.280556 0.017578 0.038889
1 0.538086 0.319444 0.019531 0.042593
1 0.426758 0.344444 0.023438 0.051852
1 0.473145 0.330556 0.020508 0.046296
1 0.498535 0.362037 0.018555 0.050000
1 0.528809 0.411111 0.020508 0.051852
1 0.366211 0.443519 0.027344 0.061111
1 0.497070 0.494444 0.023438 0.059259
1 0.484375 0.695370 0.031250 0.087037
1 0.588379 0.707407 0.030273 0.092593
1 0.532715 0.945370 0.040039 0.109259
1 0.974121 0.256481 0.040039 0.035185
1 0.979004 0.300926 0.030273 0.042593
1 0.530273 0.087037 0.011719 0.022222
1 0.460938 0.077778 0.009766 0.011111
1 0.506348 0.077778 0.010742 0.022222
1 0.446289 0.051852 0.011719 0.022222
