0 0.543457 0.320370 0.110352 0.077778
0 0.658691 0.292593 0.036133 0.085185
1 0.680664 0.380556 0.054688 0.038889
1 0.701172 0.430556 0.060547 0.042593
2 0.616699 0.208333 0.028320 0.046296
1 0.032227 0.359259 0.052734 0.037037
1 0.054688 0.434259 0.062500 0.050000
1 0.242676 0.436111 0.065430 0.042593
1 0.356934 0.466667 0.063477 0.048148
1 0.402344 0.434259 0.056641 0.042593
1 0.332520 0.365741 0.049805 0.035185
1 0.244629 0.408333 0.055664 0.038889
1 0.233887 0.344444 0.051758 0.033333
1 0.264160 0.212963 0.018555 0.022222
1 0.283691 0.211111 0.016602 0.025926
1 0.302246 0.211111 0.016602 0.025926
1 0.304199 0.237963 0.018555 0.031481
1 0.320312 0.211111 0.017578 0.025926
1 0.324219 0.237963 0.019531 0.027778
1 0.338379 0.209259 0.016602 0.025926
1 0.343262 0.237963 0.016602 0.027778
1 0.356445 0.211111 0.015625 0.025926
1 0.365234 0.237037 0.017578 0.029630
1 0.373535 0.211111 0.014648 0.025926
1 0.493164 0.209259 0.015625 0.025926
1 0.509277 0.209259 0.012695 0.025926
1 0.525391 0.208333 0.013672 0.024074
1 0.475586 0.237037 0.013672 0.025926
1 0.595215 0.206481 0.014648 0.031481
1 0.516113 0.237037 0.016602 0.029630
