1 0.056641 0.430556 0.062500 0.046296
1 0.159668 0.456481 0.065430 0.050000
1 0.145996 0.422222 0.051758 0.051852
1 0.226074 0.427778 0.057617 0.051852
1 0.251465 0.201852 0.018555 0.025926
1 0.271484 0.201852 0.015625 0.025926
1 0.289551 0.200000 0.016602 0.025926
1 0.291992 0.227778 0.017578 0.033333
1 0.311035 0.227778 0.018555 0.025926
1 0.330566 0.223148 0.018555 0.027778
1 0.352051 0.225000 0.016602 0.027778
1 0.308105 0.199074 0.016602 0.027778
1 0.326660 0.198148 0.016602 0.025926
1 0.344727 0.199074 0.015625 0.027778
1 0.361328 0.198148 0.013672 0.025926
1 0.460938 0.225000 0.013672 0.024074
1 0.501953 0.225000 0.017578 0.031481
1 0.496094 0.193519 0.011719 0.024074
1 0.512207 0.197222 0.012695 0.024074
2 0.603516 0.193519 0.025391 0.046296
1 0.582520 0.193519 0.014648 0.031481
1 0.630859 0.325926 0.048828 0.033333
1 0.592773 0.353704 0.046875 0.037037
1 0.620605 0.390741 0.049805 0.048148
1 0.550781 0.327778 0.041016 0.029630
1 0.564941 0.342593 0.041992 0.037037
2 0.738770 0.318519 0.057617 0.048148
1 0.707031 0.370370 0.052734 0.037037
1 0.680664 0.337963 0.041016 0.038889
1 0.708984 0.345370 0.037109 0.035185
1 0.827637 0.332407 0.055664 0.038889
0 0.455566 0.195370 0.059570 0.050000
