1 0.338867 0.632407 0.041016 0.090741
1 0.404785 0.394444 0.026367 0.059259
1 0.483398 0.335185 0.021484 0.044444
1 0.511230 0.297222 0.018555 0.038889
1 0.510254 0.397222 0.022461 0.046296
1 0.428223 0.135185 0.012695 0.029630
1 0.440430 0.153704 0.013672 0.029630
1 0.458984 0.186111 0.015625 0.038889
1 0.531250 0.119444 0.013672 0.031481
1 0.503418 0.116667 0.010742 0.022222
1 0.522949 0.145370 0.012695 0.027778
1 0.503418 0.159259 0.012695 0.025926
1 0.506836 0.221296 0.013672 0.038889
1 0.529297 0.233333 0.015625 0.033333
1 0.465820 0.116667 0.011719 0.025926
1 0.410645 0.719444 0.034180 0.098148
1 0.501953 0.579630 0.025391 0.066667
1 0.543457 0.526852 0.024414 0.064815
1 0.586426 0.540741 0.028320 0.070370
1 0.498047 0.734259 0.029297 0.094444
1 0.550293 0.715741 0.028320 0.087037
1 0.602051 0.716667 0.034180 0.096296
1 0.975586 0.265741 0.039062 0.031481
1 0.982422 0.309259 0.027344 0.044444
1 0.793457 0.375926 0.049805 0.040741
