3 0.394531 0.775000 0.019531 0.064815
3 0.729980 0.477778 0.012695 0.040741
1 0.185547 0.175000 0.025391 0.035185
3 0.068359 0.260185 0.056641 0.053704
1 0.115234 0.196296 0.023438 0.022222
1 0.563965 0.836111 0.036133 0.105556
1 0.472168 0.718519 0.038086 0.092593
1 0.565430 0.725926 0.031250 0.081481
1 0.663574 0.110185 0.010742 0.020370
1 0.640137 0.227778 0.012695 0.025926
1 0.716797 0.140741 0.009766 0.018519
1 0.731445 0.213889 0.013672 0.024074
1 0.728027 0.125000 0.008789 0.016667
1 0.737305 0.114815 0.009766 0.014815
1 0.557129 0.632407 0.036133 0.068519
1 0.593262 0.627778 0.032227 0.070370
1 0.571289 0.562963 0.039062 0.055556
1 0.591309 0.513889 0.026367 0.053704
1 0.544434 0.502778 0.026367 0.057407
1 0.980469 0.424074 0.031250 0.044444
