1 0.559570 0.701852 0.031250 0.096296
1 0.652832 0.528704 0.030273 0.057407
1 0.503906 0.594444 0.025391 0.066667
1 0.550293 0.463889 0.020508 0.050000
1 0.518066 0.429630 0.018555 0.048148
1 0.667480 0.400000 0.022461 0.037037
1 0.480957 0.354630 0.016602 0.038889
1 0.504883 0.346296 0.015625 0.037037
1 0.563477 0.321296 0.017578 0.031481
1 0.604492 0.303704 0.015625 0.029630
1 0.521484 0.142593 0.009766 0.018519
1 0.478027 0.266667 0.014648 0.029630
1 0.504883 0.284259 0.015625 0.031481
1 0.542480 0.213889 0.012695 0.024074
1 0.571289 0.191667 0.015625 0.024074
1 0.482422 0.235185 0.013672 0.025926
1 0.478516 0.193519 0.011719 0.024074
1 0.497070 0.204630 0.011719 0.024074
1 0.495605 0.182407 0.010742 0.024074
1 0.473145 0.153704 0.008789 0.018519
1 0.486328 0.145370 0.007812 0.020370
1 0.492676 0.161111 0.008789 0.018519
1 0.473633 0.132407 0.009766 0.020370
