0 0.587402 0.238889 0.065430 0.062963
1 0.608887 0.471296 0.049805 0.046296
1 0.553711 0.428704 0.042969 0.042593
1 0.655762 0.411111 0.051758 0.040741
1 0.705078 0.427778 0.054688 0.044444
1 0.725098 0.391667 0.053711 0.035185
1 0.630371 0.387037 0.055664 0.044444
1 0.668457 0.372222 0.036133 0.040741
1 0.831055 0.406481 0.048828 0.035185
1 0.869141 0.368519 0.039062 0.040741
1 0.913574 0.388889 0.049805 0.033333
1 0.050781 0.471296 0.064453 0.050000
1 0.126465 0.407407 0.047852 0.044444
1 0.196289 0.414815 0.048828 0.051852
2 0.334473 0.377778 0.065430 0.051852
1 0.340820 0.466667 0.060547 0.044444
1 0.394043 0.496296 0.059570 0.051852
1 0.186035 0.538889 0.071289 0.055556
1 0.187500 0.492593 0.054688 0.055556
1 0.400391 0.432407 0.054688 0.042593
1 0.460449 0.411111 0.055664 0.044444
1 0.454590 0.386111 0.047852 0.035185
1 0.233887 0.231481 0.020508 0.025926
1 0.255371 0.229630 0.018555 0.025926
1 0.272949 0.262037 0.018555 0.035185
1 0.295410 0.258333 0.020508 0.031481
1 0.315918 0.258333 0.018555 0.031481
1 0.338867 0.258333 0.019531 0.027778
1 0.349609 0.226852 0.015625 0.024074
1 0.332031 0.228704 0.017578 0.027778
1 0.312988 0.225926 0.016602 0.025926
1 0.292480 0.228704 0.018555 0.027778
1 0.273926 0.229630 0.016602 0.025926
1 0.477051 0.225926 0.016602 0.025926
1 0.493164 0.225000 0.013672 0.027778
1 0.511230 0.227778 0.012695 0.025926
1 0.499023 0.257407 0.015625 0.029630
1 0.456055 0.257407 0.015625 0.025926
