0 0.415527 0.325000 0.108398 0.075926
0 0.666504 0.301852 0.034180 0.085185
2 0.621582 0.208333 0.026367 0.042593
1 0.270996 0.214815 0.018555 0.022222
1 0.291504 0.214815 0.016602 0.022222
1 0.312500 0.241667 0.017578 0.035185
1 0.308594 0.214815 0.015625 0.022222
1 0.326172 0.212963 0.015625 0.025926
1 0.331543 0.238889 0.018555 0.025926
1 0.344727 0.212037 0.015625 0.024074
1 0.351074 0.238889 0.016602 0.025926
1 0.362793 0.212037 0.014648 0.024074
1 0.379395 0.212963 0.014648 0.025926
1 0.371582 0.237963 0.016602 0.031481
1 0.426758 0.212037 0.013672 0.027778
1 0.499023 0.212037 0.015625 0.024074
1 0.514160 0.210185 0.012695 0.024074
1 0.530273 0.211111 0.013672 0.022222
1 0.600098 0.210185 0.014648 0.031481
1 0.111328 0.349074 0.054688 0.035185
1 0.174805 0.367593 0.048828 0.031481
1 0.088867 0.412963 0.062500 0.044444
1 0.225098 0.433333 0.057617 0.048148
1 0.273438 0.465741 0.056641 0.050000
1 0.427734 0.406481 0.050781 0.038889
1 0.419434 0.432407 0.059570 0.042593
1 0.607422 0.362037 0.050781 0.042593
1 0.660645 0.381481 0.053711 0.040741
1 0.583008 0.431481 0.054688 0.040741
1 0.624023 0.461111 0.056641 0.040741
