0 0.099121 0.167593 0.055664 0.053704
1 0.117188 0.125926 0.033203 0.029630
1 0.130859 0.098148 0.025391 0.022222
1 0.161133 0.080556 0.023438 0.020370
1 0.971680 0.453704 0.042969 0.040741
1 0.965820 0.417593 0.046875 0.038889
1 0.943359 0.342593 0.029297 0.037037
1 0.661133 0.392593 0.019531 0.040741
1 0.687012 0.581481 0.024414 0.062963
1 0.607910 0.675926 0.034180 0.077778
1 0.536621 0.717593 0.030273 0.090741
1 0.498047 0.948148 0.046875 0.103704
1 0.437988 0.958333 0.043945 0.083333
1 0.412109 0.777778 0.041016 0.096296
1 0.479980 0.564815 0.028320 0.066667
1 0.549316 0.586111 0.024414 0.079630
1 0.597656 0.591667 0.025391 0.064815
1 0.619141 0.514815 0.023438 0.055556
1 0.591797 0.527778 0.033203 0.059259
1 0.532715 0.514815 0.030273 0.066667
1 0.516113 0.424074 0.028320 0.059259
1 0.575684 0.452778 0.030273 0.057407
1 0.564453 0.383333 0.027344 0.059259
1 0.594238 0.381481 0.026367 0.055556
1 0.622559 0.325000 0.020508 0.042593
2 0.717285 0.249074 0.014648 0.038889
2 0.710449 0.124074 0.020508 0.070370
1 0.696289 0.048148 0.009766 0.018519
1 0.710449 0.049074 0.010742 0.020370
1 0.728027 0.067593 0.010742 0.027778
1 0.645020 0.102778 0.012695 0.027778
1 0.593750 0.306481 0.019531 0.038889
3 0.564453 0.244444 0.007812 0.029630
1 0.604492 0.258333 0.019531 0.038889
1 0.633301 0.259259 0.016602 0.033333
1 0.618164 0.225926 0.015625 0.033333
1 0.641602 0.216667 0.015625 0.037037
1 0.688477 0.198148 0.013672 0.029630
1 0.626465 0.183333 0.014648 0.025926
1 0.630859 0.156481 0.013672 0.024074
1 0.637207 0.134259 0.012695 0.024074
1 0.700684 0.032407 0.008789 0.016667
