1 0.072266 0.465741 0.074219 0.046296
1 0.105469 0.428704 0.066406 0.038889
3 0.183594 0.370370 0.023438 0.037037
1 0.211914 0.402778 0.060547 0.038889
2 0.466797 0.506481 0.083984 0.087037
3 0.548340 0.692593 0.030273 0.044444
3 0.734863 0.679630 0.026367 0.044444
3 0.820801 0.674074 0.026367 0.044444
1 0.785156 0.539815 0.052734 0.050000
1 0.818848 0.513889 0.049805 0.046296
1 0.869629 0.397222 0.043945 0.035185
1 0.680176 0.363889 0.043945 0.042593
1 0.520996 0.227778 0.020508 0.037037
1 0.497559 0.325000 0.022461 0.053704
1 0.498535 0.391667 0.047852 0.046296
1 0.532227 0.426852 0.052734 0.042593
1 0.120605 0.631481 0.084961 0.070370
1 0.231445 0.540741 0.062500 0.055556
1 0.289551 0.504630 0.071289 0.057407
1 0.349121 0.399074 0.051758 0.042593
1 0.317383 0.433333 0.058594 0.044444
1 0.364746 0.492593 0.059570 0.051852
1 0.601562 0.548148 0.052734 0.055556
1 0.665527 0.449074 0.051758 0.042593
1 0.682617 0.515741 0.054688 0.050000
1 0.669922 0.585185 0.056641 0.051852
1 0.902832 0.450926 0.047852 0.038889
1 0.934570 0.540741 0.060547 0.048148
1 0.882324 0.423148 0.045898 0.031481
1 0.589844 0.171296 0.027344 0.020370
