1 0.417969 0.166667 0.015625 0.029630
1 0.439941 0.141667 0.014648 0.031481
1 0.459961 0.142593 0.013672 0.029630
1 0.517090 0.118519 0.012695 0.025926
1 0.503418 0.182407 0.014648 0.027778
1 0.449219 0.210185 0.017578 0.038889
1 0.524902 0.223148 0.016602 0.031481
1 0.548340 0.206481 0.016602 0.031481
1 0.503418 0.275926 0.016602 0.033333
2 0.434570 0.318519 0.025391 0.074074
1 0.395508 0.297222 0.021484 0.042593
1 0.478516 0.319444 0.019531 0.042593
1 0.501465 0.350926 0.020508 0.042593
1 0.562500 0.325000 0.023438 0.053704
1 0.498047 0.454630 0.023438 0.064815
1 0.374023 0.529630 0.035156 0.085185
1 0.563477 0.462037 0.027344 0.061111
1 0.535645 0.537963 0.026367 0.068519
1 0.496094 0.620370 0.029297 0.081481
1 0.479492 0.912037 0.037109 0.127778
1 0.594238 0.887963 0.040039 0.127778
1 0.973633 0.245370 0.039062 0.035185
1 0.979004 0.291667 0.030273 0.038889
1 0.938965 0.237963 0.022461 0.031481
2 0.537598 0.065741 0.012695 0.035185
1 0.538574 0.115741 0.012695 0.024074
1 0.517090 0.088889 0.010742 0.022222
1 0.449219 0.064815 0.011719 0.025926
1 0.500977 0.062037 0.011719 0.020370
