1 0.276855 0.903704 0.043945 0.103704
1 0.383301 0.640741 0.028320 0.062963
1 0.474121 0.780556 0.032227 0.079630
1 0.513672 0.837963 0.033203 0.090741
1 0.561035 0.674074 0.024414 0.062963
1 0.484375 0.634259 0.023438 0.050000
1 0.392090 0.475000 0.020508 0.042593
1 0.436523 0.441667 0.017578 0.050000
1 0.497559 0.431481 0.016602 0.033333
1 0.523438 0.453704 0.017578 0.037037
1 0.486328 0.532407 0.019531 0.046296
1 0.518555 0.546296 0.019531 0.044444
1 0.426758 0.367593 0.017578 0.035185
2 0.587891 0.328704 0.031250 0.038889
1 0.454590 0.330556 0.014648 0.031481
1 0.481445 0.367593 0.013672 0.031481
1 0.502930 0.358333 0.013672 0.027778
1 0.523926 0.362963 0.014648 0.033333
1 0.500977 0.299074 0.011719 0.024074
1 0.521484 0.315741 0.013672 0.027778
1 0.518555 0.281481 0.011719 0.022222
1 0.500488 0.261111 0.010742 0.022222
1 0.451660 0.234259 0.010742 0.020370
1 0.500977 0.216667 0.009766 0.018519
1 0.528320 0.222222 0.009766 0.018519
1 0.515625 0.235185 0.009766 0.018519
1 0.735352 0.429630 0.033203 0.029630
1 0.875488 0.352778 0.020508 0.031481
1 0.875977 0.325000 0.031250 0.024074
