1 0.961914 0.735185 0.076172 0.096296
2 0.989258 0.094444 0.021484 0.025926
1 0.904785 0.162963 0.016602 0.025926
1 0.302246 0.601852 0.055664 0.062963
1 0.437988 0.473148 0.036133 0.053704
1 0.530273 0.346296 0.039062 0.040741
1 0.435059 0.436111 0.026367 0.046296
1 0.416504 0.393519 0.018555 0.038889
1 0.289062 0.382407 0.023438 0.042593
1 0.370605 0.362037 0.036133 0.050000
1 0.353516 0.275926 0.025391 0.029630
1 0.335449 0.298148 0.028320 0.033333
1 0.103516 0.238889 0.033203 0.025926
1 0.145020 0.222222 0.020508 0.029630
1 0.190918 0.266667 0.024414 0.037037
0 0.040527 0.150000 0.032227 0.051852
1 0.066406 0.095370 0.025391 0.020370
1 0.056641 0.121296 0.015625 0.020370
1 0.021973 0.104630 0.018555 0.020370
1 0.120117 0.124074 0.015625 0.018519
1 0.099121 0.137963 0.016602 0.024074
1 0.136230 0.112963 0.018555 0.025926
1 0.118164 0.159259 0.019531 0.025926
0 0.304199 0.137963 0.032227 0.038889
1 0.366699 0.103704 0.016602 0.014815
1 0.398438 0.098148 0.017578 0.018519
