1 0.063477 0.432407 0.062500 0.042593
1 0.165039 0.460185 0.064453 0.046296
1 0.155273 0.423148 0.050781 0.050000
1 0.232910 0.429630 0.055664 0.040741
1 0.234375 0.404630 0.046875 0.035185
1 0.254883 0.205556 0.019531 0.025926
1 0.275391 0.204630 0.015625 0.027778
1 0.292480 0.204630 0.014648 0.027778
1 0.310547 0.202778 0.015625 0.027778
1 0.329590 0.202778 0.016602 0.024074
1 0.347168 0.202778 0.014648 0.027778
1 0.363770 0.203704 0.014648 0.025926
1 0.314941 0.231481 0.018555 0.029630
1 0.333496 0.227778 0.018555 0.029630
1 0.354004 0.228704 0.014648 0.024074
0 0.491211 0.199074 0.058594 0.046296
1 0.463867 0.232407 0.015625 0.027778
1 0.465332 0.362963 0.047852 0.037037
1 0.450195 0.334259 0.041016 0.031481
1 0.556641 0.328704 0.046875 0.035185
1 0.553711 0.425000 0.048828 0.050000
1 0.594238 0.344444 0.040039 0.037037
1 0.595703 0.373148 0.050781 0.035185
1 0.627441 0.355556 0.040039 0.044444
2 0.668945 0.324074 0.056641 0.044444
1 0.809570 0.338889 0.048828 0.040741
1 0.776367 0.352778 0.050781 0.035185
1 0.963867 0.339815 0.046875 0.035185
2 0.605469 0.199074 0.025391 0.042593
