3 0.438477 0.708333 0.029297 0.046296
3 0.661133 0.693519 0.027344 0.046296
3 0.747559 0.681481 0.024414 0.048148
2 0.634277 0.505556 0.083008 0.081481
1 0.038574 0.564815 0.075195 0.055556
3 0.017090 0.380556 0.024414 0.038889
1 0.061035 0.412963 0.067383 0.044444
1 0.112793 0.447222 0.067383 0.050000
1 0.216797 0.408333 0.056641 0.046296
1 0.252441 0.584259 0.067383 0.057407
1 0.282227 0.509259 0.070312 0.055556
1 0.315918 0.462037 0.047852 0.042593
1 0.499023 0.183333 0.015625 0.029630
1 0.493652 0.334259 0.022461 0.053704
1 0.361328 0.398148 0.052734 0.037037
1 0.371094 0.435185 0.058594 0.048148
1 0.357422 0.497222 0.056641 0.042593
1 0.429688 0.490741 0.050781 0.048148
1 0.397461 0.536111 0.056641 0.046296
1 0.521973 0.456481 0.051758 0.046296
1 0.592773 0.325000 0.035156 0.038889
1 0.588867 0.184259 0.025391 0.024074
1 0.356934 0.613889 0.071289 0.057407
1 0.765625 0.537037 0.048828 0.048148
1 0.813477 0.578704 0.052734 0.050000
1 0.737793 0.401852 0.041992 0.037037
1 0.779297 0.457407 0.048828 0.040741
1 0.789062 0.429630 0.044922 0.033333
1 0.855469 0.513889 0.050781 0.042593
1 0.892090 0.434259 0.045898 0.035185
1 0.884766 0.403704 0.041016 0.033333
1 0.934082 0.454630 0.047852 0.046296
1 0.924805 0.541667 0.048828 0.046296
