1 0.417969 0.932407 0.060547 0.135185
1 0.127930 0.125926 0.025391 0.029630
1 0.113281 0.113889 0.023438 0.020370
1 0.149902 0.095370 0.022461 0.020370
0 0.071289 0.184259 0.056641 0.053704
1 0.658691 0.125000 0.012695 0.027778
3 0.645020 0.091667 0.006836 0.024074
1 0.625000 0.230556 0.019531 0.038889
1 0.578613 0.290741 0.020508 0.037037
1 0.611816 0.290741 0.020508 0.040741
1 0.586426 0.366667 0.024414 0.048148
1 0.606934 0.403704 0.026367 0.051852
1 0.615723 0.448148 0.024414 0.055556
1 0.692383 0.470370 0.023438 0.055556
1 0.744629 0.477778 0.024414 0.055556
1 0.711914 0.587963 0.027344 0.057407
1 0.537598 0.487037 0.028320 0.059259
1 0.500977 0.704630 0.037109 0.098148
1 0.565918 0.523148 0.028320 0.064815
1 0.593750 0.582407 0.037109 0.072222
1 0.600098 0.661111 0.028320 0.077778
1 0.633789 0.641667 0.027344 0.083333
1 0.625000 0.550000 0.029297 0.066667
