0 0.632324 0.298148 0.034180 0.088889
0 0.763672 0.330556 0.119141 0.075926
2 0.597656 0.214815 0.025391 0.040741
1 0.038086 0.462963 0.064453 0.048148
1 0.111328 0.372222 0.050781 0.040741
1 0.196777 0.362037 0.047852 0.038889
1 0.264160 0.389815 0.053711 0.042593
1 0.316406 0.375000 0.050781 0.035185
1 0.302734 0.459259 0.064453 0.048148
1 0.269531 0.673148 0.046875 0.098148
1 0.368652 0.430556 0.055664 0.038889
1 0.361328 0.399074 0.050781 0.035185
1 0.406250 0.353704 0.048828 0.033333
1 0.592285 0.454630 0.059570 0.046296
1 0.649902 0.485185 0.061523 0.048148
1 0.606445 0.383333 0.048828 0.040741
1 0.924805 0.392593 0.044922 0.040741
1 0.575684 0.215741 0.014648 0.035185
1 0.470703 0.218519 0.015625 0.025926
1 0.449707 0.246296 0.014648 0.025926
1 0.487305 0.216667 0.013672 0.025926
1 0.492188 0.248148 0.017578 0.025926
1 0.503906 0.215741 0.013672 0.024074
1 0.236328 0.220370 0.019531 0.025926
1 0.257324 0.220370 0.016602 0.025926
1 0.276367 0.219444 0.017578 0.024074
1 0.273926 0.246296 0.020508 0.029630
1 0.295410 0.246296 0.018555 0.025926
1 0.315918 0.243519 0.018555 0.027778
1 0.337402 0.243519 0.018555 0.027778
1 0.348633 0.218519 0.015625 0.022222
1 0.331055 0.216667 0.015625 0.025926
1 0.313965 0.217593 0.016602 0.027778
1 0.293457 0.218519 0.018555 0.025926
1 0.396973 0.218519 0.014648 0.022222
