1 0.126465 0.229630 0.026367 0.022222
1 0.318848 0.145370 0.016602 0.024074
0 0.082520 0.296296 0.055664 0.051852
1 0.481445 0.671296 0.035156 0.075926
1 0.549805 0.590741 0.031250 0.062963
1 0.554688 0.680556 0.033203 0.075926
1 0.604980 0.767593 0.032227 0.079630
1 0.598633 0.687037 0.039062 0.070370
1 0.638184 0.715741 0.028320 0.075926
1 0.620117 0.628704 0.035156 0.061111
1 0.581055 0.514815 0.025391 0.055556
1 0.619141 0.553704 0.025391 0.059259
1 0.729492 0.538889 0.023438 0.048148
1 0.598633 0.441667 0.023438 0.046296
3 0.607422 0.319444 0.009766 0.027778
1 0.638672 0.313889 0.017578 0.031481
1 0.711914 0.336111 0.015625 0.035185
1 0.736328 0.350926 0.013672 0.027778
1 0.745117 0.304630 0.013672 0.027778
