0 0.537598 0.336111 0.090820 0.072222
2 0.614258 0.212037 0.027344 0.042593
1 0.593262 0.212963 0.014648 0.033333
1 0.490234 0.213889 0.017578 0.024074
1 0.506348 0.212963 0.014648 0.025926
1 0.522461 0.213889 0.013672 0.027778
1 0.512695 0.241667 0.017578 0.031481
1 0.472168 0.241667 0.014648 0.027778
1 0.260742 0.218519 0.019531 0.025926
1 0.280762 0.216667 0.016602 0.022222
1 0.298828 0.216667 0.017578 0.025926
1 0.300293 0.245370 0.018555 0.031481
1 0.321289 0.242593 0.019531 0.029630
1 0.340332 0.240741 0.018555 0.025926
1 0.360840 0.240741 0.016602 0.025926
1 0.370117 0.216667 0.015625 0.025926
1 0.353027 0.215741 0.016602 0.027778
1 0.335938 0.214815 0.017578 0.025926
1 0.316895 0.216667 0.016602 0.025926
1 0.287598 0.446296 0.057617 0.044444
1 0.383789 0.382407 0.054688 0.038889
1 0.631348 0.389815 0.055664 0.038889
1 0.715820 0.418519 0.056641 0.040741
1 0.711426 0.355556 0.047852 0.044444
1 0.666992 0.344444 0.044922 0.033333
1 0.651855 0.369444 0.036133 0.038889
