1 0.591797 0.895370 0.039062 0.127778
1 0.651367 0.765741 0.035156 0.094444
1 0.694336 0.737037 0.031250 0.081481
1 0.748535 0.776852 0.041992 0.090741
1 0.583008 0.636111 0.027344 0.079630
1 0.478027 0.562963 0.024414 0.062963
1 0.514648 0.421296 0.021484 0.053704
1 0.540527 0.425926 0.020508 0.051852
1 0.567383 0.434259 0.019531 0.053704
1 0.606934 0.407407 0.018555 0.040741
1 0.634277 0.399074 0.020508 0.035185
1 0.685059 0.484259 0.028320 0.053704
1 0.649902 0.479630 0.022461 0.044444
1 0.542969 0.275926 0.013672 0.029630
1 0.562988 0.260185 0.012695 0.027778
1 0.594727 0.310185 0.013672 0.027778
1 0.545898 0.184259 0.011719 0.024074
1 0.537109 0.144444 0.011719 0.022222
1 0.523438 0.126852 0.009766 0.016667
