1 0.372559 0.944444 0.059570 0.111111
1 0.777832 0.172222 0.012695 0.022222
1 0.692383 0.148148 0.011719 0.025926
1 0.631836 0.330556 0.017578 0.035185
1 0.509277 0.624074 0.034180 0.070370
1 0.568359 0.537963 0.041016 0.050000
1 0.605957 0.512037 0.028320 0.057407
1 0.562500 0.620370 0.035156 0.070370
1 0.595703 0.608333 0.031250 0.068519
1 0.563965 0.713889 0.028320 0.075926
1 0.556152 0.815741 0.040039 0.098148
0 0.121094 0.237963 0.052734 0.050000
1 0.175781 0.187037 0.025391 0.029630
1 0.200684 0.162963 0.020508 0.022222
3 0.763184 0.358333 0.008789 0.027778
1 0.768555 0.113889 0.011719 0.020370
