1 0.402832 0.695370 0.028320 0.064815
1 0.399902 0.544444 0.022461 0.044444
1 0.450195 0.581481 0.021484 0.051852
1 0.497070 0.624074 0.021484 0.051852
1 0.496582 0.692593 0.022461 0.055556
1 0.485840 0.822222 0.032227 0.077778
1 0.473633 0.932407 0.033203 0.094444
1 0.525879 0.881481 0.030273 0.096296
1 0.579102 0.851852 0.033203 0.100000
1 0.527832 0.774074 0.026367 0.074074
1 0.575195 0.734259 0.027344 0.064815
1 0.534180 0.692593 0.021484 0.055556
1 0.571777 0.664815 0.022461 0.055556
1 0.503906 0.574074 0.019531 0.040741
1 0.536621 0.565741 0.018555 0.046296
1 0.533203 0.625000 0.021484 0.046296
1 0.562988 0.527778 0.018555 0.033333
1 0.571289 0.472222 0.019531 0.037037
1 0.534668 0.510185 0.016602 0.035185
1 0.507324 0.522222 0.018555 0.037037
1 0.447266 0.396296 0.017578 0.033333
1 0.462891 0.424074 0.015625 0.029630
1 0.507812 0.480556 0.017578 0.035185
1 0.508301 0.433333 0.014648 0.033333
1 0.531738 0.412037 0.014648 0.031481
1 0.554199 0.421296 0.016602 0.031481
1 0.513672 0.389815 0.013672 0.024074
1 0.551758 0.386111 0.013672 0.027778
1 0.543945 0.344444 0.011719 0.025926
1 0.558105 0.324074 0.016602 0.022222
1 0.525391 0.354630 0.013672 0.024074
1 0.497070 0.357407 0.013672 0.025926
1 0.459961 0.351852 0.011719 0.025926
1 0.444336 0.340741 0.013672 0.025926
1 0.464844 0.299074 0.011719 0.020370
1 0.449707 0.300000 0.010742 0.018519
1 0.908691 0.899074 0.073242 0.061111
1 0.887695 0.831481 0.058594 0.066667
1 0.868652 0.781481 0.069336 0.051852
1 0.861816 0.748148 0.057617 0.037037
1 0.968262 0.712963 0.063477 0.033333
1 0.973145 0.470370 0.026367 0.037037
1 0.534180 0.473148 0.015625 0.031481
1 0.469727 0.250000 0.009766 0.018519
