1 0.045410 0.870370 0.088867 0.100000
1 0.060547 0.806481 0.074219 0.083333
1 0.160645 0.662037 0.063477 0.075926
1 0.466797 0.778704 0.033203 0.098148
1 0.604980 0.815741 0.040039 0.112963
1 0.673828 0.852778 0.042969 0.109259
1 0.760742 0.812963 0.044922 0.096296
1 0.693359 0.709259 0.031250 0.070370
1 0.589355 0.714815 0.030273 0.085185
1 0.580078 0.596296 0.027344 0.074074
1 0.523926 0.499074 0.020508 0.053704
1 0.577148 0.415741 0.019531 0.046296
1 0.622070 0.447222 0.021484 0.046296
1 0.603516 0.343519 0.017578 0.035185
1 0.644531 0.402778 0.019531 0.038889
1 0.658691 0.475926 0.024414 0.040741
1 0.683105 0.440741 0.026367 0.051852
1 0.504395 0.339815 0.016602 0.035185
1 0.565918 0.280556 0.016602 0.035185
1 0.546875 0.266667 0.013672 0.029630
1 0.526367 0.250000 0.013672 0.033333
1 0.545410 0.146296 0.008789 0.014815
1 0.550781 0.115741 0.009766 0.020370
1 0.542969 0.090741 0.007812 0.018519
