1 0.128418 0.204630 0.026367 0.020370
1 0.288086 0.135185 0.019531 0.025926
0 0.084961 0.269444 0.056641 0.053704
1 0.387207 0.932407 0.051758 0.127778
1 0.496094 0.895370 0.042969 0.116667
1 0.608887 0.919444 0.038086 0.120370
1 0.522461 0.687037 0.035156 0.085185
1 0.607910 0.740741 0.030273 0.081481
1 0.638184 0.669444 0.030273 0.079630
1 0.600586 0.658333 0.037109 0.075926
1 0.562012 0.577778 0.030273 0.070370
1 0.622070 0.528704 0.023438 0.057407
3 0.578613 0.384259 0.008789 0.035185
1 0.579102 0.486111 0.023438 0.057407
1 0.618652 0.590741 0.038086 0.062963
1 0.626465 0.344444 0.018555 0.037037
1 0.719238 0.241667 0.012695 0.027778
1 0.742188 0.238889 0.013672 0.025926
1 0.748047 0.207407 0.013672 0.022222
