2 0.666992 0.226852 0.060547 0.075926
1 0.824707 0.103704 0.014648 0.018519
1 0.785156 0.136111 0.015625 0.020370
1 0.805664 0.134259 0.017578 0.024074
1 0.786621 0.164815 0.016602 0.022222
1 0.753906 0.188889 0.023438 0.033333
1 0.720215 0.232407 0.020508 0.027778
1 0.639648 0.312963 0.023438 0.033333
1 0.636230 0.289815 0.022461 0.031481
1 0.607422 0.308333 0.027344 0.038889
1 0.607422 0.343519 0.029297 0.038889
1 0.578613 0.347222 0.024414 0.035185
2 0.217285 0.300000 0.022461 0.037037
1 0.291504 0.368519 0.032227 0.029630
1 0.494629 0.470370 0.038086 0.040741
1 0.507324 0.386111 0.028320 0.042593
1 0.530762 0.394444 0.030273 0.040741
1 0.548340 0.407407 0.030273 0.040741
1 0.350098 0.767593 0.051758 0.072222
1 0.250000 0.835185 0.064453 0.085185
1 0.288086 0.855556 0.058594 0.081481
1 0.299316 0.271296 0.022461 0.024074
