2 0.671387 0.462963 0.026367 0.114815
1 0.625977 0.203704 0.009766 0.018519
1 0.622559 0.222222 0.010742 0.018519
1 0.635742 0.228704 0.009766 0.020370
1 0.651855 0.250000 0.010742 0.018519
1 0.665527 0.242593 0.008789 0.022222
1 0.676270 0.261111 0.010742 0.022222
1 0.684570 0.291667 0.013672 0.035185
1 0.659668 0.330556 0.014648 0.027778
1 0.640625 0.337037 0.013672 0.025926
1 0.645996 0.379630 0.014648 0.029630
1 0.603516 0.284259 0.013672 0.024074
1 0.614258 0.253704 0.009766 0.022222
1 0.596680 0.242593 0.011719 0.022222
1 0.576172 0.300000 0.013672 0.025926
1 0.594727 0.312963 0.011719 0.022222
1 0.585938 0.340741 0.015625 0.033333
1 0.607910 0.340741 0.012695 0.025926
1 0.596680 0.361111 0.017578 0.033333
1 0.591309 0.390741 0.018555 0.033333
2 0.511719 0.460185 0.027344 0.061111
3 0.496582 0.442593 0.008789 0.025926
1 0.544434 0.399074 0.018555 0.035185
1 0.567383 0.390741 0.017578 0.033333
1 0.581055 0.417593 0.017578 0.038889
1 0.572266 0.453704 0.021484 0.037037
1 0.540039 0.461111 0.021484 0.037037
1 0.550781 0.500000 0.021484 0.040741
1 0.571289 0.530556 0.025391 0.046296
1 0.592773 0.521296 0.019531 0.042593
1 0.525879 0.514815 0.022461 0.044444
1 0.534668 0.572222 0.022461 0.048148
1 0.578125 0.620370 0.021484 0.051852
1 0.477539 0.594444 0.025391 0.055556
1 0.874512 0.456481 0.038086 0.027778
1 0.877441 0.482407 0.034180 0.027778
1 0.895996 0.512037 0.043945 0.038889
1 0.921387 0.630556 0.043945 0.042593
1 0.937500 0.659259 0.039062 0.044444
1 0.946777 0.752778 0.045898 0.053704
1 0.545898 0.837037 0.033203 0.081481
1 0.601562 0.707407 0.025391 0.059259
2 0.655762 0.791667 0.024414 0.075926
0 0.150879 0.266667 0.047852 0.044444
1 0.093750 0.344444 0.031250 0.029630
1 0.860840 0.402778 0.024414 0.031481
1 0.644043 0.190741 0.008789 0.018519
1 0.672363 0.194444 0.008789 0.018519
1 0.688477 0.190741 0.009766 0.018519
1 0.170410 0.215741 0.022461 0.016667
1 0.196777 0.202778 0.020508 0.016667
1 0.288086 0.172222 0.015625 0.022222
