0 0.655762 0.325926 0.112305 0.077778
1 0.756836 0.386111 0.056641 0.038889
1 0.617188 0.415741 0.054688 0.042593
1 0.475586 0.374074 0.048828 0.037037
1 0.502441 0.442593 0.061523 0.044444
1 0.331543 0.347222 0.049805 0.035185
1 0.215332 0.443519 0.061523 0.046296
1 0.077148 0.478704 0.070312 0.046296
1 0.059082 0.445370 0.069336 0.038889
1 0.052246 0.417593 0.057617 0.035185
1 0.178711 0.392593 0.054688 0.037037
1 0.171875 0.362963 0.050781 0.029630
1 0.115234 0.377778 0.052734 0.040741
1 0.062988 0.352778 0.051758 0.038889
1 0.251465 0.217593 0.020508 0.024074
1 0.271973 0.215741 0.016602 0.024074
1 0.289551 0.214815 0.016602 0.025926
1 0.290039 0.243519 0.019531 0.031481
1 0.311035 0.240741 0.018555 0.029630
1 0.330566 0.237963 0.018555 0.027778
1 0.352539 0.239815 0.015625 0.027778
1 0.308105 0.213889 0.014648 0.024074
1 0.327148 0.212037 0.017578 0.024074
1 0.345215 0.213889 0.016602 0.024074
1 0.361816 0.215741 0.014648 0.024074
1 0.463379 0.240741 0.014648 0.025926
1 0.504883 0.241667 0.017578 0.027778
1 0.483398 0.212037 0.017578 0.024074
1 0.499512 0.212037 0.014648 0.024074
1 0.516602 0.212963 0.013672 0.025926
1 0.586426 0.210185 0.014648 0.031481
2 0.607910 0.209259 0.024414 0.044444
1 0.288086 0.923148 0.064453 0.153704
