1 0.029297 0.424074 0.056641 0.048148
1 0.130859 0.494444 0.058594 0.051852
1 0.137695 0.539815 0.072266 0.053704
1 0.296387 0.498148 0.063477 0.051852
1 0.386230 0.725000 0.055664 0.112963
2 0.474609 0.378704 0.062500 0.053704
1 0.179199 0.470370 0.063477 0.044444
1 0.183105 0.436111 0.061523 0.042593
1 0.133301 0.408333 0.053711 0.035185
1 0.136719 0.388889 0.050781 0.029630
1 0.299316 0.383333 0.051758 0.037037
1 0.321777 0.400000 0.047852 0.040741
1 0.371582 0.412963 0.045898 0.048148
1 0.453125 0.471296 0.050781 0.046296
1 0.559570 0.430556 0.054688 0.046296
1 0.602539 0.409259 0.052734 0.040741
1 0.604004 0.378704 0.047852 0.031481
1 0.703613 0.426852 0.043945 0.042593
1 0.711914 0.388889 0.058594 0.048148
1 0.774902 0.409259 0.049805 0.040741
1 0.812988 0.391667 0.047852 0.038889
1 0.812988 0.369444 0.049805 0.035185
1 0.844727 0.419444 0.050781 0.035185
1 0.910645 0.403704 0.047852 0.033333
1 0.897949 0.382407 0.051758 0.035185
1 0.970703 0.366667 0.041016 0.040741
0 0.557617 0.232407 0.064453 0.053704
2 0.610352 0.225000 0.027344 0.046296
1 0.501953 0.259259 0.017578 0.029630
1 0.458984 0.258333 0.013672 0.027778
1 0.479492 0.229630 0.015625 0.025926
1 0.496582 0.226852 0.012695 0.024074
1 0.513672 0.228704 0.011719 0.024074
1 0.236816 0.233333 0.020508 0.025926
1 0.259277 0.232407 0.016602 0.024074
1 0.277344 0.263889 0.021484 0.035185
1 0.299316 0.260185 0.020508 0.027778
1 0.319824 0.260185 0.018555 0.027778
1 0.342773 0.258333 0.017578 0.027778
1 0.277832 0.233333 0.016602 0.025926
1 0.297363 0.229630 0.016602 0.029630
1 0.317383 0.230556 0.017578 0.024074
1 0.335449 0.230556 0.016602 0.024074
1 0.353027 0.228704 0.014648 0.024074
