0 0.597656 0.331481 0.087891 0.070370
1 0.703125 0.433333 0.056641 0.044444
1 0.725586 0.339815 0.046875 0.035185
1 0.643066 0.385185 0.053711 0.040741
1 0.557617 0.375000 0.052734 0.035185
1 0.456543 0.419444 0.055664 0.042593
1 0.810547 0.348148 0.048828 0.040741
1 0.974609 0.427778 0.050781 0.044444
1 0.595215 0.210185 0.014648 0.031481
2 0.616699 0.212037 0.026367 0.042593
1 0.066406 0.445370 0.064453 0.046296
1 0.264160 0.218519 0.018555 0.022222
1 0.284180 0.217593 0.015625 0.024074
1 0.302246 0.215741 0.014648 0.024074
1 0.319336 0.215741 0.017578 0.027778
1 0.339355 0.213889 0.016602 0.024074
1 0.356445 0.212963 0.015625 0.025926
1 0.373047 0.212963 0.013672 0.022222
1 0.303711 0.243519 0.017578 0.035185
1 0.323730 0.242593 0.018555 0.029630
1 0.342285 0.237037 0.016602 0.025926
1 0.364258 0.240741 0.017578 0.029630
1 0.492188 0.212963 0.017578 0.025926
1 0.509277 0.212037 0.012695 0.024074
1 0.524414 0.213889 0.015625 0.024074
1 0.515625 0.240741 0.017578 0.033333
1 0.474609 0.243519 0.013672 0.027778
