1 0.622070 0.637963 0.089844 0.183333
1 0.707520 0.477778 0.081055 0.122222
1 0.685547 0.286111 0.054688 0.094444
1 0.768555 0.312963 0.050781 0.066667
1 0.598633 0.274074 0.031250 0.059259
1 0.583008 0.229630 0.021484 0.040741
1 0.499023 0.180556 0.015625 0.024074
1 0.604492 0.212037 0.021484 0.035185
1 0.599609 0.181481 0.013672 0.022222
1 0.537109 0.154630 0.009766 0.016667
1 0.526367 0.143519 0.009766 0.016667
1 0.589844 0.164815 0.011719 0.022222
1 0.575195 0.146296 0.009766 0.014815
1 0.756348 0.182407 0.040039 0.027778
