1 0.534180 0.670370 0.132812 0.303704
1 0.847656 0.644444 0.189453 0.244444
1 0.921875 0.540741 0.156250 0.185185
1 0.885742 0.363889 0.111328 0.101852
1 0.854492 0.256481 0.058594 0.064815
2 0.780762 0.223148 0.090820 0.142593
3 0.585938 0.174074 0.011719 0.040741
1 0.666992 0.215741 0.033203 0.046296
1 0.703125 0.185185 0.029297 0.037037
1 0.657227 0.172222 0.023438 0.040741
1 0.685547 0.157407 0.017578 0.025926
1 0.629883 0.137037 0.013672 0.022222
1 0.605957 0.121296 0.010742 0.016667
1 0.643555 0.122222 0.011719 0.014815
