1 0.662598 0.647222 0.065430 0.120370
1 0.575684 0.502778 0.041992 0.075926
1 0.468750 0.307407 0.021484 0.033333
1 0.479004 0.356481 0.026367 0.046296
1 0.606934 0.408333 0.034180 0.064815
1 0.649414 0.349074 0.027344 0.042593
1 0.675293 0.332407 0.028320 0.046296
1 0.594727 0.334259 0.025391 0.046296
1 0.629883 0.290741 0.021484 0.033333
1 0.617188 0.226852 0.011719 0.020370
1 0.486816 0.260185 0.018555 0.031481
1 0.507324 0.261111 0.016602 0.033333
1 0.487305 0.220370 0.025391 0.022222
1 0.522949 0.215741 0.010742 0.020370
1 0.584961 0.255556 0.017578 0.040741
1 0.579102 0.214815 0.011719 0.022222
1 0.561035 0.206481 0.010742 0.016667
1 0.585449 0.185185 0.010742 0.022222
1 0.540527 0.200000 0.008789 0.014815
1 0.809570 0.277778 0.042969 0.033333
1 0.751465 0.239815 0.034180 0.024074
